1.0 0.0 0.0 0.0 0.0 1.0 0.0 0.0 0.0 0.0 1.0 0.8796848058700562
1.0 0.0 0.0 0.0 0.0 1.0 0.0 0.0 0.0 0.0 1.0 0.882788896560669
1.0 0.0 0.0 0.0 0.0 1.0 0.0 0.0 0.0 0.0 1.0 0.9343196153640747
1.0 0.0 0.0 0.0 0.0 1.0 0.0 0.0 0.0 0.0 1.0 0.9512702822685242
1.0 0.0 0.0 0.0 0.0 1.0 0.0 0.0 0.0 0.0 1.0 0.9086501598358154
1.0 0.0 0.0 0.0 0.0 1.0 0.0 0.0 0.0 0.0 1.0 0.879534125328064
1.0 0.0 0.0 0.0 0.0 1.0 0.0 0.0 0.0 0.0 1.0 0.868840217590332
1.0 0.0 0.0 0.0 0.0 1.0 0.0 0.0 0.0 0.0 1.0 0.8675995469093323
1.0 0.0 0.0 0.0 0.0 1.0 0.0 0.0 0.0 0.0 1.0 0.8812590837478638
1.0 0.0 0.0 0.0 0.0 1.0 0.0 0.0 0.0 0.0 1.0 0.807655394077301
1.0 0.0 0.0 0.0 0.0 1.0 0.0 0.0 0.0 0.0 1.0 0.8339307308197021
1.0 0.0 0.0 0.0 0.0 1.0 0.0 0.0 0.0 0.0 1.0 0.8107813000679016
1.0 0.0 0.0 0.0 0.0 1.0 0.0 0.0 0.0 0.0 1.0 0.8478028774261475
1.0 0.0 0.0 0.0 0.0 1.0 0.0 0.0 0.0 0.0 1.0 0.8932019472122192
1.0 0.0 0.0 0.0 0.0 1.0 0.0 0.0 0.0 0.0 1.0 0.830734372138977
1.0 0.0 0.0 0.0 0.0 1.0 0.0 0.0 0.0 0.0 1.0 0.8455385565757751
1.0 0.0 0.0 0.0 0.0 1.0 0.0 0.0 0.0 0.0 1.0 0.8555518984794617
1.0 0.0 0.0 0.0 0.0 1.0 0.0 0.0 0.0 0.0 1.0 0.9331203699111938
1.0 0.0 0.0 0.0 0.0 1.0 0.0 0.0 0.0 0.0 1.0 0.8640937209129333
1.0 0.0 0.0 0.0 0.0 1.0 0.0 0.0 0.0 0.0 1.0 0.930375874042511
1.0 0.0 0.0 0.0 0.0 1.0 0.0 0.0 0.0 0.0 1.0 0.9309734106063843
1.0 0.0 0.0 0.0 0.0 1.0 0.0 0.0 0.0 0.0 1.0 0.9167749881744385
1.0 0.0 0.0 0.0 0.0 1.0 0.0 0.0 0.0 0.0 1.0 0.8703722357749939
1.0 0.0 0.0 0.0 0.0 1.0 0.0 0.0 0.0 0.0 1.0 0.913416862487793
1.0 0.0 0.0 0.0 0.0 1.0 0.0 0.0 0.0 0.0 1.0 0.8685948252677917
1.0 0.0 0.0 0.0 0.0 1.0 0.0 0.0 0.0 0.0 1.0 0.9252243638038635
1.0 0.0 0.0 0.0 0.0 1.0 0.0 0.0 0.0 0.0 1.0 0.9707087874412537
1.0 0.0 0.0 0.0 0.0 1.0 0.0 0.0 0.0 0.0 1.0 0.9164015054702759
1.0 0.0 0.0 0.0 0.0 1.0 0.0 0.0 0.0 0.0 1.0 1.0040220022201538
1.0 0.0 0.0 0.0 0.0 1.0 0.0 0.0 0.0 0.0 1.0 0.9879018664360046
1.0 0.0 0.0 0.0 0.0 1.0 0.0 0.0 0.0 0.0 1.0 0.8486216068267822
1.0 0.0 0.0 0.0 0.0 1.0 0.0 0.0 0.0 0.0 1.0 0.9244877099990845
1.0 0.0 0.0 0.0 0.0 1.0 0.0 0.0 0.0 0.0 1.0 0.9389985203742981
1.0 0.0 0.0 0.0 0.0 1.0 0.0 0.0 0.0 0.0 1.0 0.936412513256073
1.0 0.0 0.0 0.0 0.0 1.0 0.0 0.0 0.0 0.0 1.0 0.8918470740318298
1.0 0.0 0.0 0.0 0.0 1.0 0.0 0.0 0.0 0.0 1.0 0.9269011616706848
1.0 0.0 0.0 0.0 0.0 1.0 0.0 0.0 0.0 0.0 1.0 0.9154707789421082
1.0 0.0 0.0 0.0 0.0 1.0 0.0 0.0 0.0 0.0 1.0 0.9324230551719666
1.0 0.0 0.0 0.0 0.0 1.0 0.0 0.0 0.0 0.0 1.0 0.9354130029678345
1.0 0.0 0.0 0.0 0.0 1.0 0.0 0.0 0.0 0.0 1.0 0.9760745167732239
1.0 0.0 0.0 0.0 0.0 1.0 0.0 0.0 0.0 0.0 1.0 0.9274806976318359
1.0 0.0 0.0 0.0 0.0 1.0 0.0 0.0 0.0 0.0 1.0 0.9298553466796875
1.0 0.0 0.0 0.0 0.0 1.0 0.0 0.0 0.0 0.0 1.0 0.9346319437026978
1.0 0.0 0.0 0.0 0.0 1.0 0.0 0.0 0.0 0.0 1.0 0.9730256199836731
0.9999991440207702 1.086817153701001e-06 0.0013084175636952217 0.0011270567843128779 1.086817153701001e-06 0.9999986200932401 -0.001661267706960623 -0.0014309980939127818 -0.0013084175636952217 0.001661267706960623 0.9999977641140103 0.8613872937928067
1.0 0.0 0.0 0.0 0.0 1.0 0.0 0.0 0.0 0.0 1.0 0.889339029788971
1.0 0.0 0.0 0.0 0.0 1.0 0.0 0.0 0.0 0.0 1.0 0.9515888094902039
1.0 0.0 0.0 0.0 0.0 1.0 0.0 0.0 0.0 0.0 1.0 0.9354573488235474
1.0 0.0 0.0 0.0 0.0 1.0 0.0 0.0 0.0 0.0 1.0 0.9274693727493286
1.0 0.0 0.0 0.0 0.0 1.0 0.0 0.0 0.0 0.0 1.0 0.8861875534057617
1.0 0.0 0.0 0.0 0.0 1.0 0.0 0.0 0.0 0.0 1.0 0.8756617903709412
0.9999932903230246 1.2434044522021369e-06 0.003663237305859504 0.003259702533022318 1.2434044522021369e-06 0.999999769578381 -0.0006788531835922179 -0.0006040720972584152 -0.003663237305859504 0.0006788531835922179 0.9999930599014056 0.8898358577947854
1.0 0.0 0.0 0.0 0.0 1.0 0.0 0.0 0.0 0.0 1.0 0.9314491748809814
1.0 0.0 0.0 0.0 0.0 1.0 0.0 0.0 0.0 0.0 1.0 0.9037299752235413
1.0 0.0 0.0 0.0 0.0 1.0 0.0 0.0 0.0 0.0 1.0 0.9146718978881836
1.0 0.0 0.0 0.0 0.0 1.0 0.0 0.0 0.0 0.0 1.0 0.8954585790634155
1.0 0.0 0.0 0.0 0.0 1.0 0.0 0.0 0.0 0.0 1.0 0.9884471297264099
1.0 0.0 0.0 0.0 0.0 1.0 0.0 0.0 0.0 0.0 1.0 0.9941568970680237
1.0 0.0 0.0 0.0 0.0 1.0 0.0 0.0 0.0 0.0 1.0 0.9533540606498718
1.0 0.0 0.0 0.0 0.0 1.0 0.0 0.0 0.0 0.0 1.0 0.8784900307655334
1.0 0.0 0.0 0.0 0.0 1.0 0.0 0.0 0.0 0.0 1.0 0.8757935762405396
1.0 0.0 0.0 0.0 0.0 1.0 0.0 0.0 0.0 0.0 1.0 0.9704436659812927
1.0 0.0 0.0 0.0 0.0 1.0 0.0 0.0 0.0 0.0 1.0 0.8619589805603027
1.0 0.0 0.0 0.0 0.0 1.0 0.0 0.0 0.0 0.0 1.0 0.8561179041862488
1.0 0.0 0.0 0.0 0.0 1.0 0.0 0.0 0.0 0.0 1.0 0.8488618731498718
1.0 0.0 0.0 0.0 0.0 1.0 0.0 0.0 0.0 0.0 1.0 0.8965615630149841
1.0 0.0 0.0 0.0 0.0 1.0 0.0 0.0 0.0 0.0 1.0 0.9954512119293213
1.0 0.0 0.0 0.0 0.0 1.0 0.0 0.0 0.0 0.0 1.0 0.9427446722984314
1.0 0.0 0.0 0.0 0.0 1.0 0.0 0.0 0.0 0.0 1.0 0.9742316007614136
1.0 0.0 0.0 0.0 0.0 1.0 0.0 0.0 0.0 0.0 1.0 0.9834588170051575
1.0 0.0 0.0 0.0 0.0 1.0 0.0 0.0 0.0 0.0 1.0 0.9375749826431274
1.0 0.0 0.0 0.0 0.0 1.0 0.0 0.0 0.0 0.0 1.0 0.9534688591957092
1.0 0.0 0.0 0.0 0.0 1.0 0.0 0.0 0.0 0.0 1.0 0.905576765537262
1.0 0.0 0.0 0.0 0.0 1.0 0.0 0.0 0.0 0.0 1.0 0.9186503887176514
1.0 0.0 0.0 0.0 0.0 1.0 0.0 0.0 0.0 0.0 1.0 0.9165459275245667
1.0 0.0 0.0 0.0 0.0 1.0 0.0 0.0 0.0 0.0 1.0 0.8936227560043335
1.0 0.0 0.0 0.0 0.0 1.0 0.0 0.0 0.0 0.0 1.0 0.857667863368988
0.9999855939932112 2.120131847666424e-05 0.005367621219801 0.0042672944721259655 2.120131847666424e-05 0.999968798022121 -0.007899527510396687 -0.006280176766789912 -0.005367621219801 0.007899527510396687 0.9999543920153322 0.7949703741545509
1.0 0.0 0.0 0.0 0.0 1.0 0.0 0.0 0.0 0.0 1.0 0.7505145072937012
1.0 0.0 0.0 0.0 0.0 1.0 0.0 0.0 0.0 0.0 1.0 0.7287781834602356
0.9999946532407865 5.702750767814205e-06 0.0032700853009517417 0.0028273970386645413 5.702750767814205e-06 0.9999939175554721 -0.0034878102260407218 -0.003015647421081439 -0.0032700853009517417 0.0034878102260407218 0.9999885707962587 0.864614975928866
1.0 0.0 0.0 0.0 0.0 1.0 0.0 0.0 0.0 0.0 1.0 0.9200339317321777
1.0 0.0 0.0 0.0 0.0 1.0 0.0 0.0 0.0 0.0 1.0 1.007635474205017
1.0 0.0 0.0 0.0 0.0 1.0 0.0 0.0 0.0 0.0 1.0 0.8771215081214905
1.0 0.0 0.0 0.0 0.0 1.0 0.0 0.0 0.0 0.0 1.0 0.8335386514663696
1.0 0.0 0.0 0.0 0.0 1.0 0.0 0.0 0.0 0.0 1.0 0.7256612777709961
1.0 0.0 0.0 0.0 0.0 1.0 0.0 0.0 0.0 0.0 1.0 0.9257093667984009
0.9999982632584342 0.0 0.0018637275104339962 0.0016552097803165357 0.0 1.0 0.0 0.0 -0.0018637275104339962 0.0 0.9999982632584342 0.8881163670001689
0.9999962593222659 0.0 0.0027352041321630077 0.0025618675910485922 0.0 1.0 0.0 0.0 -0.0027352041321630077 0.0 0.9999962593222659 0.9366240631925382
1.0 0.0 0.0 0.0 0.0 1.0 0.0 0.0 0.0 0.0 1.0 0.9656622409820557
0.9999999776952192 0.0 0.00021120975725352764 0.0001869746277301937 0.0 1.0 0.0 0.0 -0.00021120975725352764 0.0 0.9999999776952192 0.8852556150392656
1.0 0.0 0.0 0.0 0.0 1.0 0.0 0.0 0.0 0.0 1.0 0.8488885760307312
0.9999800343727534 0.0 0.006319087100129794 0.00510532500407197 0.0 1.0 0.0 0.0 -0.006319087100129794 0.0 0.9999800343727534 0.8079051597423154
1.0 0.0 0.0 0.0 0.0 1.0 0.0 0.0 0.0 0.0 1.0 0.5771733522415161
1.0 0.0 0.0 0.0 0.0 1.0 0.0 0.0 0.0 0.0 1.0 0.6012473106384277
0.999898944956552 3.8261757917669975e-05 0.014216130893444479 0.01142583783095369 3.8261757917669975e-05 0.9999855132206271 -0.005382553311658017 -0.004326084341543801 -0.014216130893444479 0.005382553311658017 0.9998844581771791 0.8036305908024288
0.9999805801362236 0.0 0.0062321224477434045 0.004661783766031046 0.0 1.0 0.0 0.0 -0.0062321224477434045 0.0 0.9999805801362236 0.7480105331552515
1.0 0.0 0.0 0.0 0.0 1.0 0.0 0.0 0.0 0.0 1.0 0.6990950107574463
0.9999889089523539 0.0 0.00470977426783592 0.003038810709975964 0.0 1.0 0.0 0.0 -0.00470977426783592 0.0 0.9999889089523539 0.6452065074825488
0.9999447540303784 0.0 0.010511369559287054 0.006894874072179725 0.0 1.0 0.0 0.0 -0.010511369559287054 0.0 0.9999447540303784 0.6559081687014547
0.9999963165320418 0.0 0.0027142076527793546 0.0015686145152703018 0.0 1.0 0.0 0.0 -0.0027142076527793546 0.0 0.9999963165320418 0.5779251030121948
1.0 0.0 0.0 0.0 0.0 1.0 0.0 0.0 0.0 0.0 1.0 0.6467708945274353
1.0 0.0 0.0 0.0 0.0 1.0 0.0 0.0 0.0 0.0 1.0 0.7186384797096252
1.0 0.0 0.0 0.0 0.0 1.0 0.0 0.0 0.0 0.0 1.0 0.7163234949111938
1.0 0.0 0.0 0.0 0.0 1.0 0.0 0.0 0.0 0.0 1.0 0.6075190305709839
1.0 0.0 0.0 0.0 0.0 1.0 0.0 0.0 0.0 0.0 1.0 0.6624244451522827
1.0 0.0 0.0 0.0 0.0 1.0 0.0 0.0 0.0 0.0 1.0 0.6366995573043823
1.0 0.0 0.0 0.0 0.0 1.0 0.0 0.0 0.0 0.0 1.0 0.6702890992164612
1.0 0.0 0.0 0.0 0.0 1.0 0.0 0.0 0.0 0.0 1.0 0.6305134296417236
1.0 0.0 0.0 0.0 0.0 1.0 0.0 0.0 0.0 0.0 1.0 0.6581264734268188
1.0 0.0 0.0 0.0 0.0 1.0 0.0 0.0 0.0 0.0 1.0 0.6405084133148193
1.0 0.0 0.0 0.0 0.0 1.0 0.0 0.0 0.0 0.0 1.0 0.6266869306564331
1.0 0.0 0.0 0.0 0.0 1.0 0.0 0.0 0.0 0.0 1.0 0.6428422927856445
1.0 0.0 0.0 0.0 0.0 1.0 0.0 0.0 0.0 0.0 1.0 0.6417278051376343
1.0 0.0 0.0 0.0 0.0 1.0 0.0 0.0 0.0 0.0 1.0 0.7634108662605286
1.0 0.0 0.0 0.0 0.0 1.0 0.0 0.0 0.0 0.0 1.0 0.810032308101654
1.0 0.0 0.0 0.0 0.0 1.0 0.0 0.0 0.0 0.0 1.0 0.9040617346763611
1.0 0.0 0.0 0.0 0.0 1.0 0.0 0.0 0.0 0.0 1.0 0.8460915088653564
1.0 0.0 0.0 0.0 0.0 1.0 0.0 0.0 0.0 0.0 1.0 0.7216401696205139
1.0 0.0 0.0 0.0 0.0 1.0 0.0 0.0 0.0 0.0 1.0 0.8309096693992615
1.0 0.0 0.0 0.0 0.0 1.0 0.0 0.0 0.0 0.0 1.0 0.9223440885543823
1.0 0.0 0.0 0.0 0.0 1.0 0.0 0.0 0.0 0.0 1.0 0.8380219340324402
1.0 0.0 0.0 0.0 0.0 1.0 0.0 0.0 0.0 0.0 1.0 0.7892208099365234
1.0 0.0 0.0 0.0 0.0 1.0 0.0 0.0 0.0 0.0 1.0 0.7895910739898682
1.0 0.0 0.0 0.0 0.0 1.0 0.0 0.0 0.0 0.0 1.0 0.7632646560668945
1.0 0.0 0.0 0.0 0.0 1.0 0.0 0.0 0.0 0.0 1.0 0.7134656310081482
1.0 0.0 0.0 0.0 0.0 1.0 0.0 0.0 0.0 0.0 1.0 0.699109673500061
1.0 0.0 0.0 0.0 0.0 1.0 0.0 0.0 0.0 0.0 1.0 0.6976113319396973
1.0 0.0 0.0 0.0 0.0 1.0 0.0 0.0 0.0 0.0 1.0 0.7118183970451355
1.0 0.0 0.0 0.0 0.0 1.0 0.0 0.0 0.0 0.0 1.0 0.9464694261550903
1.0 0.0 0.0 0.0 0.0 1.0 0.0 0.0 0.0 0.0 1.0 0.7108050584793091
0.9999740104205302 1.4870501320686427e-05 0.007209594812836229 0.00656476830858335 1.4870501320686427e-05 0.9999914915202923 -0.004125125968683252 -0.003756174505106846 -0.007209594812836229 0.004125125968683252 0.9999655019408226 0.9105285397079461
0.9999059618778602 7.596373995899737e-05 0.01371355752207154 0.012364442671737055 7.596373995899737e-05 0.9999386366969347 -0.011077774564341003 -0.00998796324810477 -0.01371355752207154 0.011077774564341003 0.9998445985747949 0.901481705226883
0.9999003327114423 7.871712743197014e-05 0.014118018783852715 0.01341763118104843 7.871712743197014e-05 0.9999378292894208 -0.011150397485250818 -0.010597232038698086 -0.014118018783852715 0.011150397485250818 0.9998381620008631 0.9502367084118543
0.9999881428157087 5.562642727505869e-06 0.0048697225332600125 0.005129865758511998 5.562642727505869e-06 0.9999973903590132 -0.002284566552145234 -0.002406609339412625 -0.0048697225332600125 0.002284566552145234 0.9999855331747219 1.0534053040197047
0.999979270576753 1.3342973883565817e-05 0.006438807041962313 0.006564908093829663 1.3342973883565817e-05 0.9999914114855037 -0.004144487435961741 -0.004225655301642418 -0.006438807041962313 0.004144487435961741 0.9999706820622566 1.0195546444364625
0.9999996424278187 0.0 0.0008456619845286506 0.0008508651305103769 0.0 1.0 0.0 0.0 -0.0008456619845286506 0.0 0.9999996424278187 1.0061523892893514
1.0 0.0 0.0 0.0 0.0 1.0 0.0 0.0 0.0 0.0 1.0 0.8853589296340942
1.0 0.0 0.0 0.0 0.0 1.0 0.0 0.0 0.0 0.0 1.0 0.942081093788147
1.0 0.0 0.0 0.0 0.0 1.0 0.0 0.0 0.0 0.0 1.0 0.9083005785942078
1.0 0.0 0.0 0.0 0.0 1.0 0.0 0.0 0.0 0.0 1.0 0.9209610223770142
1.0 0.0 0.0 0.0 0.0 1.0 0.0 0.0 0.0 0.0 1.0 0.8295571208000183
1.0 0.0 0.0 0.0 0.0 1.0 0.0 0.0 0.0 0.0 1.0 0.8079657554626465
1.0 0.0 0.0 0.0 0.0 1.0 0.0 0.0 0.0 0.0 1.0 0.8280673027038574
1.0 0.0 0.0 0.0 0.0 1.0 0.0 0.0 0.0 0.0 1.0 0.8135789632797241
1.0 0.0 0.0 0.0 0.0 1.0 0.0 0.0 0.0 0.0 1.0 0.8246832489967346
1.0 0.0 0.0 0.0 0.0 1.0 0.0 0.0 0.0 0.0 1.0 0.8168588280677795
1.0 0.0 0.0 0.0 0.0 1.0 0.0 0.0 0.0 0.0 1.0 0.8005411624908447
1.0 0.0 0.0 0.0 0.0 1.0 0.0 0.0 0.0 0.0 1.0 0.8040310144424438
1.0 0.0 0.0 0.0 0.0 1.0 0.0 0.0 0.0 0.0 1.0 0.812846302986145
0.9999723251409094 4.425273167353279e-05 0.007439556642455103 0.005674691440048994 4.425273167353279e-05 0.9999292388714913 -0.011896020962236742 -0.009073961200834505 -0.007439556642455103 0.011896020962236742 0.9999015640124007 0.7626977142444701
1.0 0.0 0.0 0.0 0.0 0.9999978764674473 -0.002060839952125887 -0.0016147748790845645 0.0 0.002060839952125887 0.9999978764674473 0.7835501482741561
1.0 0.0 0.0 0.0 0.0 0.9999998936272971 -0.0004612432983521625 -0.00036854363393452953 0.0 0.0004612432983521625 0.9999998936272971 0.7990221127292378
0.9999999150967253 5.162847204649592e-07 0.0004120755710531332 0.00033273481492243254 5.162847204649592e-07 0.999996860546153 -0.002505772852661625 -0.0020233130157102097 -0.0004120755710531332 0.002505772852661625 0.9999967756428783 0.8074580621612718
1.0 0.0 0.0 0.0 0.0 1.0 0.0 0.0 0.0 0.0 1.0 0.8817557692527771
1.0 0.0 0.0 0.0 0.0 1.0 0.0 0.0 0.0 0.0 1.0 0.9440807104110718
1.0 0.0 0.0 0.0 0.0 1.0 0.0 0.0 0.0 0.0 1.0 0.8713281750679016
0.9999590595118201 4.550347774277311e-05 0.009048603927993781 0.0075277552811318675 4.550347774277311e-05 0.9999494249683203 -0.010057108885234811 -0.00836675526149702 -0.009048603927993781 0.010057108885234811 0.9999084844801402 0.8318483640782813
0.9999909895513793 1.227243908098628e-05 0.004245075282687694 0.0036959494643175207 1.227243908098628e-05 0.9999832846545897 -0.005781890557742919 -0.005033968513298711 -0.004245075282687694 0.005781890557742919 0.9999742742059691 0.8706216349461036
0.9997691786936848 0.00023922722769992495 0.021483299063469574 0.022901701967987326 0.00023922722769992495 0.9997520607287664 -0.02226566584708145 -0.01792252731947658 -0.021483299063469574 0.02226566584708145 0.9995212394224512 0.8044944639547926
0.9999312085120086 6.328312582264921e-05 0.011729205029427425 0.01073842889834381 6.328312582264921e-05 0.9999417841635526 -0.010790008754704372 -0.009878567348272908 -0.011729205029427425 0.010790008754704372 0.9998729926755612 0.9154128529838562
0.9999344085561704 5.576765119195834e-05 0.011453185904850116 0.010821205782300801 5.576765119195834e-05 0.9999525848077448 -0.009737813947781504 -0.009200487049990097 -0.011453185904850116 0.009737813947781504 0.9998869933639154 0.9447138118708954
0.999977490541299 1.2606997608206158e-05 0.006709564213533414 0.006229228068555721 1.2606997608206158e-05 0.9999929391287989 -0.003757862910692966 -0.003488838376992835 -0.006709564213533414 0.003757862910692966 0.999970429670098 0.9283827786702615
0.999936551338475 4.871548582194621e-05 0.011264587174907303 0.010809568034336019 4.871548582194621e-05 0.9999625965544138 -0.00864887963938088 -0.0082995187867096 -0.011264587174907303 0.00864887963938088 0.9998991478928888 0.959509451948623
0.999998871407002 0.0 0.0015023928852078566 0.0013314283818764677 0.0 1.0 0.0 0.0 -0.0015023928852078566 0.0 0.999998871407002 0.8862041962156358
0.9999242276705725 6.146704641386188e-05 0.012309960941721099 0.010474734264874518 6.146704641386188e-05 0.9999501374997523 -0.009985926871657558 -0.008497178087265168 -0.012309960941721099 0.009985926871657558 0.9998743651703249 0.8508084081666414
0.9999955615134255 1.206790712783909e-06 0.0029794211513846786 0.0024833586224946957 1.206790712783909e-06 0.9999996718827916 -0.0008100819309951462 -0.0006752063055365657 -0.0029794211513846786 0.0008100819309951462 0.9999952333962171 0.8334997501625314
1.0 0.0 0.0 0.0 0.0 1.0 0.0 0.0 0.0 0.0 1.0 1.002548336982727
0.9999999838789915 0.0 0.00017956062220036983 0.00017577693677572892 0.0 1.0 0.0 0.0 -0.00017956062220036983 0.0 0.9999999838789915 0.9789280733605377
1.0 0.0 0.0 0.0 0.0 1.0 0.0 0.0 0.0 0.0 1.0 0.9773808121681213
1.0 0.0 0.0 0.0 0.0 1.0 0.0 0.0 0.0 0.0 1.0 0.9805895090103149
0.9999971035024631 0.0 0.002406862364495721 0.002593023175297891 0.0 1.0 0.0 0.0 -0.002406862364495721 0.0 0.9999971035024631 1.0773427275539007
1.0 0.0 0.0 0.0 0.0 1.0 0.0 0.0 0.0 0.0 1.0 0.9808836579322815
0.9999831616552087 6.68896719961693e-06 0.005803133842605446 0.006144181602702863 6.68896719961693e-06 0.9999973428337077 -0.0023052724248870116 -0.002440752325617523 -0.005803133842605446 0.0023052724248870116 0.9999805044889164 1.0587489424479333
0.9999769194163441 7.238010704794511e-06 0.00679415767469671 0.006860365943491218 7.238010704794511e-06 0.9999977301787623 -0.002130630087731289 -0.0021513928277653543 -0.00679415767469671 0.002130630087731289 0.9999746495951064 1.0097192851420054
0.9999045876010845 6.0619616402635955e-05 0.01381347299733826 0.014803160973399994 6.0619616402635955e-05 0.9999614857404848 -0.008776295783404109 -0.009405087283765387 -0.01381347299733826 0.008776295783404109 0.9998660733415693 1.0715030491150688
1.0 0.0 0.0 0.0 0.0 1.0 0.0 0.0 0.0 0.0 1.0 0.9848478436470032
0.999988651013717 6.666523814392171e-06 0.004764220754157555 0.004693865560711452 6.666523814392171e-06 0.9999960840079757 -0.0027985575383248362 -0.002757230096306732 -0.004764220754157555 0.0027985575383248362 0.9999847350216927 0.9852175520748895
0.9999709593791868 1.840952308481603e-05 0.007621027790205737 0.008154878978636605 1.840952308481603e-05 0.9999883297763368 -0.00483114627390846 -0.005169566924089526 -0.007621027790205737 0.00483114627390846 0.9999592891555235 1.0700062000963575
0.9999800148084529 1.2755969590861978e-05 0.0063221691867798024 0.0064596385147072735 1.2755969590861978e-05 0.9999918582336417 -0.004035257690913313 -0.004123000385927548 -0.0063221691867798024 0.004035257690913313 0.9999718730420946 1.0217152742818025
1.0 0.0 0.0 0.0 0.0 1.0 0.0 0.0 0.0 0.0 1.0 0.9792574048042297
1.0 0.0 0.0 0.0 0.0 1.0 0.0 0.0 0.0 0.0 1.0 1.028563141822815
1.0 0.0 0.0 0.0 0.0 1.0 0.0 0.0 0.0 0.0 1.0 0.8943896293640137
1.0 0.0 0.0 0.0 0.0 1.0 0.0 0.0 0.0 0.0 1.0 0.8854630589485168
1.0 0.0 0.0 0.0 0.0 1.0 0.0 0.0 0.0 0.0 1.0 0.8416461944580078
1.0 0.0 0.0 0.0 0.0 1.0 0.0 0.0 0.0 0.0 1.0 0.9107055068016052
1.0 0.0 0.0 0.0 0.0 1.0 0.0 0.0 0.0 0.0 1.0 0.826561689376831
1.0 0.0 0.0 0.0 0.0 1.0 0.0 0.0 0.0 0.0 1.0 0.7798442244529724
1.0 0.0 0.0 0.0 0.0 1.0 0.0 0.0 0.0 0.0 1.0 0.7149850130081177
1.0 0.0 0.0 0.0 0.0 1.0 0.0 0.0 0.0 0.0 1.0 0.7828820943832397
1.0 0.0 0.0 0.0 0.0 1.0 0.0 0.0 0.0 0.0 1.0 0.7960314154624939
1.0 0.0 0.0 0.0 0.0 1.0 0.0 0.0 0.0 0.0 1.0 0.8061570525169373
1.0 0.0 0.0 0.0 0.0 1.0 0.0 0.0 0.0 0.0 1.0 0.7878674864768982
1.0 0.0 0.0 0.0 0.0 1.0 0.0 0.0 0.0 0.0 1.0 0.7800586819648743
1.0 0.0 0.0 0.0 0.0 1.0 0.0 0.0 0.0 0.0 1.0 0.7766543030738831
1.0 0.0 0.0 0.0 0.0 1.0 0.0 0.0 0.0 0.0 1.0 0.796082615852356
1.0 0.0 0.0 0.0 0.0 1.0 0.0 0.0 0.0 0.0 1.0 0.6944645643234253
1.0 0.0 0.0 0.0 0.0 1.0 0.0 0.0 0.0 0.0 1.0 0.8401162624359131
1.0 0.0 0.0 0.0 0.0 1.0 0.0 0.0 0.0 0.0 1.0 0.732191264629364
1.0 0.0 0.0 0.0 0.0 1.0 0.0 0.0 0.0 0.0 1.0 0.5775473117828369
1.0 0.0 0.0 0.0 0.0 1.0 0.0 0.0 0.0 0.0 1.0 0.7265926003456116
1.0 0.0 0.0 0.0 0.0 1.0 0.0 0.0 0.0 0.0 1.0 0.7411341667175293
1.0 0.0 0.0 0.0 0.0 1.0 0.0 0.0 0.0 0.0 1.0 0.7538658976554871
1.0 0.0 0.0 0.0 0.0 1.0 0.0 0.0 0.0 0.0 1.0 0.691162645816803
1.0 0.0 0.0 0.0 0.0 1.0 0.0 0.0 0.0 0.0 1.0 0.5005519986152649
1.0 0.0 0.0 0.0 0.0 1.0 0.0 0.0 0.0 0.0 1.0 0.5982100367546082
1.0 0.0 0.0 0.0 0.0 1.0 0.0 0.0 0.0 0.0 1.0 0.5942817330360413
1.0 0.0 0.0 0.0 0.0 1.0 0.0 0.0 0.0 0.0 1.0 0.585849940776825
1.0 0.0 0.0 0.0 0.0 1.0 0.0 0.0 0.0 0.0 1.0 0.7689629793167114
1.0 0.0 0.0 0.0 0.0 1.0 0.0 0.0 0.0 0.0 1.0 0.4765467345714569
1.0 0.0 0.0 0.0 0.0 1.0 0.0 0.0 0.0 0.0 1.0 0.5134694576263428
1.0 0.0 0.0 0.0 0.0 1.0 0.0 0.0 0.0 0.0 1.0 0.5652190446853638
1.0 0.0 0.0 0.0 0.0 1.0 0.0 0.0 0.0 0.0 1.0 0.22685150802135468
1.0 0.0 0.0 0.0 0.0 1.0 0.0 0.0 0.0 0.0 1.0 0.46245819330215454
1.0 0.0 0.0 0.0 0.0 1.0 0.0 0.0 0.0 0.0 1.0 0.39295119047164917
1.0 0.0 0.0 0.0 0.0 1.0 0.0 0.0 0.0 0.0 1.0 0.8615692257881165
1.0 0.0 0.0 0.0 0.0 1.0 0.0 0.0 0.0 0.0 1.0 0.5791940689086914
1.0 0.0 0.0 0.0 0.0 1.0 0.0 0.0 0.0 0.0 1.0 0.4688161015510559
1.0 0.0 0.0 0.0 0.0 1.0 0.0 0.0 0.0 0.0 1.0 0.8639962673187256
1.0 0.0 0.0 0.0 0.0 1.0 0.0 0.0 0.0 0.0 1.0 0.7673168182373047
1.0 0.0 0.0 0.0 0.0 1.0 0.0 0.0 0.0 0.0 1.0 0.8033754229545593
1.0 0.0 0.0 0.0 0.0 1.0 0.0 0.0 0.0 0.0 1.0 0.7985397577285767
1.0 0.0 0.0 0.0 0.0 1.0 0.0 0.0 0.0 0.0 1.0 0.8003509640693665
1.0 0.0 0.0 0.0 0.0 1.0 0.0 0.0 0.0 0.0 1.0 0.9386933445930481
1.0 0.0 0.0 0.0 0.0 1.0 0.0 0.0 0.0 0.0 1.0 0.9298533797264099
1.0 0.0 0.0 0.0 0.0 1.0 0.0 0.0 0.0 0.0 1.0 0.7949185967445374
1.0 0.0 0.0 0.0 0.0 1.0 0.0 0.0 0.0 0.0 1.0 0.9210520386695862
1.0 0.0 0.0 0.0 0.0 1.0 0.0 0.0 0.0 0.0 1.0 0.9541547298431396
1.0 0.0 0.0 0.0 0.0 1.0 0.0 0.0 0.0 0.0 1.0 1.1178330183029175
1.0 0.0 0.0 0.0 0.0 1.0 0.0 0.0 0.0 0.0 1.0 1.068248987197876
1.0 0.0 0.0 0.0 0.0 1.0 0.0 0.0 0.0 0.0 1.0 1.0724916458129883
1.0 0.0 0.0 0.0 0.0 1.0 0.0 0.0 0.0 0.0 1.0 1.0291777849197388
1.0 0.0 0.0 0.0 0.0 1.0 0.0 0.0 0.0 0.0 1.0 1.0607807636260986
1.0 0.0 0.0 0.0 0.0 1.0 0.0 0.0 0.0 0.0 1.0 0.9914399981498718
1.0 0.0 0.0 0.0 0.0 1.0 0.0 0.0 0.0 0.0 1.0 0.8825827240943909
1.0 0.0 0.0 0.0 0.0 1.0 0.0 0.0 0.0 0.0 1.0 0.884198784828186
1.0 0.0 0.0 0.0 0.0 1.0 0.0 0.0 0.0 0.0 1.0 0.8920605778694153
1.0 0.0 0.0 0.0 0.0 1.0 0.0 0.0 0.0 0.0 1.0 0.8720982670783997
1.0 0.0 0.0 0.0 0.0 1.0 0.0 0.0 0.0 0.0 1.0 0.9847492575645447
1.0 0.0 0.0 0.0 0.0 1.0 0.0 0.0 0.0 0.0 1.0 0.9098784923553467
1.0 0.0 0.0 0.0 0.0 1.0 0.0 0.0 0.0 0.0 1.0 1.0160149335861206
1.0 0.0 0.0 0.0 0.0 1.0 0.0 0.0 0.0 0.0 1.0 0.8337115049362183
1.0 0.0 0.0 0.0 0.0 1.0 0.0 0.0 0.0 0.0 1.0 0.9574559330940247
1.0 0.0 0.0 0.0 0.0 1.0 0.0 0.0 0.0 0.0 1.0 0.8170711398124695
1.0 0.0 0.0 0.0 0.0 1.0 0.0 0.0 0.0 0.0 1.0 0.8590583801269531
1.0 0.0 0.0 0.0 0.0 1.0 0.0 0.0 0.0 0.0 1.0 0.8481768369674683
1.0 0.0 0.0 0.0 0.0 1.0 0.0 0.0 0.0 0.0 1.0 0.8148267865180969
1.0 0.0 0.0 0.0 0.0 1.0 0.0 0.0 0.0 0.0 1.0 0.7695196270942688
1.0 0.0 0.0 0.0 0.0 1.0 0.0 0.0 0.0 0.0 1.0 0.7543476819992065
1.0 0.0 0.0 0.0 0.0 1.0 0.0 0.0 0.0 0.0 1.0 0.8502540588378906
1.0 0.0 0.0 0.0 0.0 1.0 0.0 0.0 0.0 0.0 1.0 0.806876540184021
1.0 0.0 0.0 0.0 0.0 1.0 0.0 0.0 0.0 0.0 1.0 0.8301355242729187
1.0 0.0 0.0 0.0 0.0 1.0 0.0 0.0 0.0 0.0 1.0 0.8853593468666077
0.9999188080436224 7.487626861916508e-05 0.012742516517650238 0.010499014107984952 7.487626861916508e-05 0.9999309481400318 -0.011751312965325056 -0.009682326127605868 -0.012742516517650238 0.011751312965325056 0.9998497561836542 0.8238118962998419
0.9998282907626962 0.00012950035914028335 0.018530304197847403 0.014808237278224213 0.00012950035914028335 0.9999023329013582 -0.013975258910232213 -0.01116813559873325 -0.018530304197847403 0.013975258910232213 0.9997306236640543 0.7989209530215994
0.9998392998023673 0.0001434789574526248 0.01792634926192771 0.020164717037554018 0.0001434789574526248 0.9998718967895811 -0.01600529396306216 -0.012920178196960924 -0.01792634926192771 0.01600529396306216 0.9997111965919485 0.806959865767931
0.999829051050803 0.00016615779386461123 0.018488945453852712 0.01858962504675322 0.00016615779386461123 0.9998384990806224 -0.017970759117999946 -0.013237846787350037 -0.018488945453852712 0.017970759117999946 0.9996675501314254 0.7363417407560273
1.0 0.0 0.0 0.0 0.0 1.0 0.0 0.0 0.0 0.0 1.0 0.9157693982124329
1.0 0.0 0.0 0.0 0.0 1.0 0.0 0.0 0.0 0.0 1.0 0.8426183462142944
0.9999197930847782 6.854716077708444e-05 0.01266501766148237 0.01070700713401608 6.854716077708444e-05 0.9999414176042353 -0.010823892172948435 -0.009150519471128417 -0.01266501766148237 0.010823892172948435 0.9998612106890133 0.8452827624892708
1.0 0.0 0.0 0.0 0.0 1.0 0.0 0.0 0.0 0.0 1.0 0.8964793682098389
0.9999493660005896 2.432815374416061e-05 0.01006304367561106 0.008275142085999618 2.432815374416061e-05 0.9999883110346508 -0.004834997758917714 -0.003975963409311572 -0.01006304367561106 0.004834997758917714 0.9999376770352404 0.8222786883719403
1.0 0.0 0.0 0.0 0.0 1.0 0.0 0.0 0.0 0.0 1.0 0.8725435733795166
0.9998289781516737 0.0001738097748414101 0.01849281391838653 0.018277795193433505 0.0001738097748414101 0.9998233568510335 -0.018794276022601197 -0.015175329296963778 -0.01849281391838653 0.018794276022601197 0.9996523350027072 0.8071325440546214
1.0 0.0 0.0 0.0 0.0 1.0 0.0 0.0 0.0 0.0 1.0 0.7401798963546753
1.0 0.0 0.0 0.0 0.0 1.0 0.0 0.0 0.0 0.0 1.0 0.8382049798965454
1.0 0.0 0.0 0.0 0.0 1.0 0.0 0.0 0.0 0.0 1.0 0.8146886229515076
1.0 0.0 0.0 0.0 0.0 1.0 0.0 0.0 0.0 0.0 1.0 0.7886098623275757
0.9999688882402019 3.982405062721757e-06 0.007888126785268124 0.007083171606569094 3.982405062721757e-06 0.9999994902393762 -0.0010097055341443395 -0.0009066686889216586 -0.007888126785268124 0.0010097055341443395 0.9999683784795781 0.8979251752319204
1.0 0.0 0.0 0.0 0.0 1.0 0.0 0.0 0.0 0.0 1.0 0.8878048658370972
0.9999991123085663 0.0 0.0013324347407525639 0.0012051202827069625 0.0 1.0 0.0 0.0 -0.0013324347407525639 0.0 0.9999991123085663 0.9044489580415439
1.0 0.0 0.0 0.0 0.0 1.0 0.0 0.0 0.0 0.0 1.0 0.8783396482467651
1.0 0.0 0.0 0.0 0.0 1.0 0.0 0.0 0.0 0.0 1.0 0.9992068409919739
1.0 0.0 0.0 0.0 0.0 1.0 0.0 0.0 0.0 0.0 1.0 0.9595895409584045
1.0 0.0 0.0 0.0 0.0 1.0 0.0 0.0 0.0 0.0 1.0 0.8432393074035645
1.0 0.0 0.0 0.0 0.0 1.0 0.0 0.0 0.0 0.0 1.0 0.8705238699913025
1.0 0.0 0.0 0.0 0.0 1.0 0.0 0.0 0.0 0.0 1.0 0.8972933888435364
1.0 0.0 0.0 0.0 0.0 1.0 0.0 0.0 0.0 0.0 1.0 0.9580892324447632
1.0 0.0 0.0 0.0 0.0 1.0 0.0 0.0 0.0 0.0 1.0 0.8683308362960815
1.0 0.0 0.0 0.0 0.0 1.0 0.0 0.0 0.0 0.0 1.0 0.9514575004577637
1.0 0.0 0.0 0.0 0.0 1.0 0.0 0.0 0.0 0.0 1.0 0.8772881031036377
1.0 0.0 0.0 0.0 0.0 1.0 0.0 0.0 0.0 0.0 1.0 0.9354107975959778
1.0 0.0 0.0 0.0 0.0 1.0 0.0 0.0 0.0 0.0 1.0 0.8854876756668091
0.9999997179689762 0.0 0.0007510405983155582 0.0006469747141153669 0.0 1.0 0.0 0.0 -0.0007510405983155582 0.0 0.9999997179689762 0.8614374949895748
0.999992873560842 0.0 0.0037752916898859956 0.0033064860225974543 0.0 1.0 0.0 0.0 -0.0037752916898859956 0.0 0.999992873560842 0.8758164218102666
0.9999884516997013 9.59350116502332e-06 0.004805868933015045 0.004450205982177639 9.59350116502332e-06 0.9999920304060145 -0.003992371865578853 -0.0036969125473279097 -0.004805868933015045 0.003992371865578853 0.9999804821057158 0.9259759651280953
1.0 0.0 0.0 0.0 0.0 1.0 0.0 0.0 0.0 0.0 1.0 0.8514743447303772
1.0 0.0 0.0 0.0 0.0 1.0 0.0 0.0 0.0 0.0 1.0 0.8380380272865295
1.0 0.0 0.0 0.0 0.0 1.0 0.0 0.0 0.0 0.0 1.0 0.7961496114730835
1.0 0.0 0.0 0.0 0.0 1.0 0.0 0.0 0.0 0.0 1.0 0.7314504981040955
1.0 0.0 0.0 0.0 0.0 1.0 0.0 0.0 0.0 0.0 1.0 0.7241540551185608
1.0 0.0 0.0 0.0 0.0 1.0 0.0 0.0 0.0 0.0 1.0 0.7887948751449585
1.0 0.0 0.0 0.0 0.0 1.0 0.0 0.0 0.0 0.0 1.0 0.8838702440261841
1.0 0.0 0.0 0.0 0.0 1.0 0.0 0.0 0.0 0.0 1.0 0.8282405734062195
1.0 0.0 0.0 0.0 0.0 1.0 0.0 0.0 0.0 0.0 1.0 0.7745970487594604
1.0 0.0 0.0 0.0 0.0 1.0 0.0 0.0 0.0 0.0 1.0 0.8333306312561035
1.0 0.0 0.0 0.0 0.0 1.0 0.0 0.0 0.0 0.0 1.0 0.8477151989936829
1.0 0.0 0.0 0.0 0.0 1.0 0.0 0.0 0.0 0.0 1.0 0.8604639768600464
1.0 0.0 0.0 0.0 0.0 1.0 0.0 0.0 0.0 0.0 1.0 0.8469250202178955
1.0 0.0 0.0 0.0 0.0 1.0 0.0 0.0 0.0 0.0 1.0 0.8863776326179504
1.0 0.0 0.0 0.0 0.0 1.0 0.0 0.0 0.0 0.0 1.0 0.8599092364311218
1.0 0.0 0.0 0.0 0.0 1.0 0.0 0.0 0.0 0.0 1.0 0.8939476609230042
1.0 0.0 0.0 0.0 0.0 1.0 0.0 0.0 0.0 0.0 1.0 0.8711349964141846
1.0 0.0 0.0 0.0 0.0 1.0 0.0 0.0 0.0 0.0 1.0 0.8599671125411987
1.0 0.0 0.0 0.0 0.0 1.0 0.0 0.0 0.0 0.0 1.0 0.8185824751853943
1.0 0.0 0.0 0.0 0.0 1.0 0.0 0.0 0.0 0.0 1.0 0.8136029839515686
0.9999991556268294 7.483560958304694e-07 0.0012995173080329048 0.0011249486110070873 7.483560958304694e-07 0.9999993367424905 -0.0011517439599212365 -0.0009970261726721 -0.0012995173080329048 0.0011517439599212365 0.9999984923693199 0.8656652035692344
1.0 0.0 0.0 0.0 0.0 1.0 0.0 0.0 0.0 0.0 1.0 0.8038733005523682
1.0 0.0 0.0 0.0 0.0 1.0 0.0 0.0 0.0 0.0 1.0 0.8305403590202332
1.0 0.0 0.0 0.0 0.0 1.0 0.0 0.0 0.0 0.0 1.0 0.8373321890830994
1.0 0.0 0.0 0.0 0.0 1.0 0.0 0.0 0.0 0.0 1.0 0.8382230401039124
1.0 0.0 0.0 0.0 0.0 1.0 0.0 0.0 0.0 0.0 1.0 0.8889298439025879
1.0 0.0 0.0 0.0 0.0 1.0 0.0 0.0 0.0 0.0 1.0 0.8504483699798584
1.0 0.0 0.0 0.0 0.0 1.0 0.0 0.0 0.0 0.0 1.0 0.8331829905509949
1.0 0.0 0.0 0.0 0.0 1.0 0.0 0.0 0.0 0.0 1.0 0.8345604538917542
1.0 0.0 0.0 0.0 0.0 1.0 0.0 0.0 0.0 0.0 1.0 0.8061564564704895
1.0 0.0 0.0 0.0 0.0 1.0 0.0 0.0 0.0 0.0 1.0 0.8286148309707642
1.0 0.0 0.0 0.0 0.0 1.0 0.0 0.0 0.0 0.0 1.0 0.7872213125228882
1.0 0.0 0.0 0.0 0.0 1.0 0.0 0.0 0.0 0.0 1.0 0.8791818022727966
1.0 0.0 0.0 0.0 0.0 1.0 0.0 0.0 0.0 0.0 1.0 0.8139627575874329
1.0 0.0 0.0 0.0 0.0 1.0 0.0 0.0 0.0 0.0 1.0 0.953369140625
0.999932143835738 6.099566588267514e-05 0.011649205845178368 0.009856506620743648 6.099566588267514e-05 0.9999451712118282 -0.010471429902634277 -0.008859978914930696 -0.011649205845178368 0.010471429902634277 0.9998773150475663 0.8460059429524845
1.0 0.0 0.0 0.0 0.0 1.0 0.0 0.0 0.0 0.0 1.0 0.855553150177002
1.0 0.0 0.0 0.0 0.0 1.0 0.0 0.0 0.0 0.0 1.0 0.8427927494049072
1.0 0.0 0.0 0.0 0.0 1.0 0.0 0.0 0.0 0.0 1.0 0.8502175807952881
1.0 0.0 0.0 0.0 0.0 1.0 0.0 0.0 0.0 0.0 1.0 0.8013034462928772
1.0 0.0 0.0 0.0 0.0 1.0 0.0 0.0 0.0 0.0 1.0 0.79280024766922
0.9999904105746832 0.0 0.004379356154144198 0.0035482289054111693 0.0 1.0 0.0 0.0 -0.004379356154144198 0.0 0.9999904105746832 0.8102092533801816
0.9999488956864863 2.4911724139693578e-05 0.010109668551493756 0.00833359433170643 2.4911724139693578e-05 0.9999878563284204 -0.004928141222965476 -0.004062361644436474 -0.010109668551493756 0.004928141222965476 0.9999367520149066 0.8242671068998706
1.0 0.0 0.0 0.0 0.0 1.0 0.0 0.0 0.0 0.0 1.0 1.0066481828689575
1.0 0.0 0.0 0.0 0.0 1.0 0.0 0.0 0.0 0.0 1.0 0.8124786615371704
1.0 0.0 0.0 0.0 0.0 1.0 0.0 0.0 0.0 0.0 1.0 0.7672799825668335
1.0 0.0 0.0 0.0 0.0 1.0 0.0 0.0 0.0 0.0 1.0 0.8108525276184082
0.9999920303325595 9.438406200384276e-06 0.00399239050218414 0.0032689390119768473 9.438406200384276e-06 0.9999888221795618 -0.004728152529713675 -0.003871375370345768 -0.00399239050218414 0.004728152529713675 0.9999808525121212 0.8187767249266864
0.9999906955726878 8.096076224951688e-06 0.004313780553937718 0.0037307187932321298 8.096076224951688e-06 0.99999295534824 -0.003753556775801359 -0.003246216313011853 -0.004313780553937718 0.003753556775801359 0.9999836509209279 0.8648232687706269
1.0 0.0 0.0 0.0 0.0 1.0 0.0 0.0 0.0 0.0 1.0 0.8419447541236877
1.0 0.0 0.0 0.0 0.0 1.0 0.0 0.0 0.0 0.0 1.0 0.863712728023529
1.0 0.0 0.0 0.0 0.0 1.0 0.0 0.0 0.0 0.0 1.0 0.8941272497177124
1.0 0.0 0.0 0.0 0.0 1.0 0.0 0.0 0.0 0.0 1.0 0.9098643660545349
1.0 0.0 0.0 0.0 0.0 1.0 0.0 0.0 0.0 0.0 1.0 0.9423986673355103
1.0 0.0 0.0 0.0 0.0 1.0 0.0 0.0 0.0 0.0 1.0 0.9672203063964844
1.0 0.0 0.0 0.0 0.0 1.0 0.0 0.0 0.0 0.0 1.0 0.9730030298233032
0.9999901420602894 4.222920940309502e-06 0.004440243848146896 0.004408539798377423 4.222920940309502e-06 0.9999981909950972 -0.0019021011770036511 -0.0018885198710113088 -0.004440243848146896 0.0019021011770036511 0.9999883330553866 0.9928482567522997
1.0 0.0 0.0 0.0 0.0 1.0 0.0 0.0 0.0 0.0 1.0 0.9788747429847717
1.0 0.0 0.0 0.0 0.0 1.0 0.0 0.0 0.0 0.0 1.0 0.8423270583152771
1.0 0.0 0.0 0.0 0.0 1.0 0.0 0.0 0.0 0.0 1.0 0.9422118663787842
1.0 0.0 0.0 0.0 0.0 1.0 0.0 0.0 0.0 0.0 1.0 0.9940295815467834
1.0 0.0 0.0 0.0 0.0 1.0 0.0 0.0 0.0 0.0 1.0 0.9098208546638489
1.0 0.0 0.0 0.0 0.0 1.0 0.0 0.0 0.0 0.0 1.0 0.8295453190803528
1.0 0.0 0.0 0.0 0.0 1.0 0.0 0.0 0.0 0.0 1.0 0.7811594009399414
0.9999968026048341 9.976659245033775e-07 0.002528790081839802 0.002229121990323353 9.976659245033775e-07 0.9999996887036962 -0.0007890446954598312 -0.0006955408812414534 -0.002528790081839802 0.0007890446954598312 0.9999964913085304 0.8814943498197628
1.0 0.0 0.0 0.0 0.0 1.0 0.0 0.0 0.0 0.0 1.0 0.5243011713027954
1.0 0.0 0.0 0.0 0.0 1.0 0.0 0.0 0.0 0.0 1.0 0.8742339611053467
1.0 0.0 0.0 0.0 0.0 1.0 0.0 0.0 0.0 0.0 1.0 0.8715552091598511
0.9999713752778263 8.61480569290167e-06 0.007566277627887641 0.0064658194013641705 8.61480569290167e-06 0.9999974073153732 -0.0022771229424475847 -0.0019459325212045609 -0.007566277627887641 0.0022771229424475847 0.9999687825931995 0.854530837121119
0.9999727034766391 2.64752074925865e-05 0.0073886132125200454 0.006337990338460544 2.64752074925865e-05 0.99997432139608 -0.007166299726090175 -0.006147288688695686 -0.0073886132125200454 0.007166299726090175 0.9999470248727191 0.85775969052981
1.0 0.0 0.0 0.0 0.0 1.0 0.0 0.0 0.0 0.0 1.0 0.726783275604248
1.0 0.0 0.0 0.0 0.0 1.0 0.0 0.0 0.0 0.0 1.0 0.9352113008499146
1.0 0.0 0.0 0.0 0.0 1.0 0.0 0.0 0.0 0.0 1.0 0.6035688519477844
1.0 0.0 0.0 0.0 0.0 1.0 0.0 0.0 0.0 0.0 1.0 0.506486177444458
1.0 0.0 0.0 0.0 0.0 1.0 0.0 0.0 0.0 0.0 1.0 0.8099830746650696
1.0 0.0 0.0 0.0 0.0 1.0 0.0 0.0 0.0 0.0 1.0 0.8590518832206726
0.999963073003946 7.01098529227634e-06 0.008593752326878534 0.008186914567078105 7.01098529227634e-06 0.9999986688894299 -0.001631615826026167 -0.0015543733244661386 -0.008593752326878534 0.001631615826026167 0.9999617418933759 0.9526224447524023
1.0 0.0 0.0 0.0 0.0 1.0 0.0 0.0 0.0 0.0 1.0 0.8628359436988831
1.0 0.0 0.0 0.0 0.0 1.0 0.0 0.0 0.0 0.0 1.0 0.795131266117096
1.0 0.0 0.0 0.0 0.0 1.0 0.0 0.0 0.0 0.0 1.0 0.9021946787834167
0.9999858097875612 0.0 0.005327309542331959 0.004736455744231225 0.0 1.0 0.0 0.0 -0.005327309542331959 0.0 0.9999858097875612 0.8890770275843058
0.9999803343770268 1.7538143101125625e-05 0.006271407873519763 0.0053571312129244405 1.7538143101125625e-05 0.9999843591802886 -0.005592950138502417 -0.004777582380794093 -0.006271407873519763 0.005592950138502417 0.9999646935573154 0.8541849262104825
0.9999771367278592 2.3212730488660464e-05 0.0067620621159001915 0.005778918421934133 2.3212730488660464e-05 0.9999764324697961 -0.00686541823397438 -0.005867247479627063 -0.0067620621159001915 0.00686541823397438 0.9999535691976552 0.854569213217859
0.999999772489408 1.2981630149604917e-06 0.0006745512940004306 0.0005668235785377849 1.2981630149604917e-06 0.9999925927527217 -0.0038489528503165005 -0.0032342643882589802 -0.0006745512940004306 0.0038489528503165005 0.9999923652421296 0.840290806671621
1.0 0.0 0.0 0.0 0.0 1.0 0.0 0.0 0.0 0.0 1.0 0.8498939275741577
1.0 0.0 0.0 0.0 0.0 1.0 0.0 0.0 0.0 0.0 1.0 0.8430323600769043
1.0 0.0 0.0 0.0 0.0 1.0 0.0 0.0 0.0 0.0 1.0 0.8014734983444214
1.0 0.0 0.0 0.0 0.0 1.0 0.0 0.0 0.0 0.0 1.0 0.7145770192146301
1.0 0.0 0.0 0.0 0.0 1.0 0.0 0.0 0.0 0.0 1.0 0.84589684009552
1.0 0.0 0.0 0.0 0.0 1.0 0.0 0.0 0.0 0.0 1.0 0.8860875368118286
0.9999916814950288 0.0 0.004078840829301322 0.003544026030672566 0.0 1.0 0.0 0.0 -0.004078840829301322 0.0 0.9999916814950288 0.8688734613558025
1.0 0.0 0.0 0.0 0.0 1.0 0.0 0.0 0.0 0.0 1.0 0.9439365267753601
1.0 0.0 0.0 0.0 0.0 1.0 0.0 0.0 0.0 0.0 1.0 0.8924095034599304
1.0 0.0 0.0 0.0 0.0 1.0 0.0 0.0 0.0 0.0 1.0 0.8572007417678833
1.0 0.0 0.0 0.0 0.0 1.0 0.0 0.0 0.0 0.0 1.0 0.8542629480361938
1.0 0.0 0.0 0.0 0.0 1.0 0.0 0.0 0.0 0.0 1.0 0.7695711851119995
1.0 0.0 0.0 0.0 0.0 1.0 0.0 0.0 0.0 0.0 1.0 0.8663382530212402
1.0 0.0 0.0 0.0 0.0 1.0 0.0 0.0 0.0 0.0 1.0 0.8687931299209595
1.0 0.0 0.0 0.0 0.0 1.0 0.0 0.0 0.0 0.0 1.0 0.8356749415397644
0.9999915394032975 7.164207210370017e-06 0.004113522987248264 0.003836910823276316 7.164207210370017e-06 0.9999939335407705 -0.0034832213473444396 -0.003248993558301072 -0.004113522987248264 0.0034832213473444396 0.999985472944068 0.9327418604812124
1.0 0.0 0.0 0.0 0.0 1.0 0.0 0.0 0.0 0.0 1.0 0.8234060406684875
1.0 0.0 0.0 0.0 0.0 1.0 0.0 0.0 0.0 0.0 1.0 0.7780159115791321
1.0 0.0 0.0 0.0 0.0 1.0 0.0 0.0 0.0 0.0 1.0 0.8503929376602173
1.0 0.0 0.0 0.0 0.0 1.0 0.0 0.0 0.0 0.0 1.0 0.84837806224823
1.0 0.0 0.0 0.0 0.0 1.0 0.0 0.0 0.0 0.0 1.0 0.8832238912582397
1.0 0.0 0.0 0.0 0.0 1.0 0.0 0.0 0.0 0.0 1.0 0.8553078770637512
0.999996465165391 0.0 0.002658882659669057 0.0023453574085167445 0.0 1.0 0.0 0.0 -0.002658882659669057 0.0 0.999996465165391 0.8820807151971591
1.0 0.0 0.0 0.0 0.0 1.0 0.0 0.0 0.0 0.0 1.0 0.8003268241882324
1.0 0.0 0.0 0.0 0.0 1.0 0.0 0.0 0.0 0.0 1.0 0.6740065813064575
1.0 0.0 0.0 0.0 0.0 1.0 0.0 0.0 0.0 0.0 1.0 0.8569322824478149
1.0 0.0 0.0 0.0 0.0 1.0 0.0 0.0 0.0 0.0 1.0 0.9084518551826477
1.0 0.0 0.0 0.0 0.0 1.0 0.0 0.0 0.0 0.0 1.0 0.8667333722114563
1.0 0.0 0.0 0.0 0.0 1.0 0.0 0.0 0.0 0.0 1.0 0.8186658620834351
1.0 0.0 0.0 0.0 0.0 1.0 0.0 0.0 0.0 0.0 1.0 0.8063595294952393
1.0 0.0 0.0 0.0 0.0 1.0 0.0 0.0 0.0 0.0 1.0 0.8058375120162964
1.0 0.0 0.0 0.0 0.0 0.9999974201291977 -0.0022715050398649517 -0.0017400739368091886 0.0 0.0022715050398649517 0.9999974201291977 0.7660425211940969
1.0 0.0 0.0 0.0 0.0 1.0 0.0 0.0 0.0 0.0 1.0 0.7742246389389038
1.0 0.0 0.0 0.0 0.0 1.0 0.0 0.0 0.0 0.0 1.0 0.7897298336029053
1.0 0.0 0.0 0.0 0.0 1.0 0.0 0.0 0.0 0.0 1.0 0.46367141604423523
1.0 0.0 0.0 0.0 0.0 1.0 0.0 0.0 0.0 0.0 1.0 0.3552866280078888
1.0 0.0 0.0 0.0 0.0 1.0 0.0 0.0 0.0 0.0 1.0 0.3400368392467499
1.0 0.0 0.0 0.0 0.0 1.0 0.0 0.0 0.0 0.0 1.0 0.45928362011909485
1.0 0.0 0.0 0.0 0.0 1.0 0.0 0.0 0.0 0.0 1.0 0.3915312588214874
1.0 0.0 0.0 0.0 0.0 1.0 0.0 0.0 0.0 0.0 1.0 0.41519293189048767
1.0 0.0 0.0 0.0 0.0 1.0 0.0 0.0 0.0 0.0 1.0 0.5424013733863831
1.0 0.0 0.0 0.0 0.0 1.0 0.0 0.0 0.0 0.0 1.0 0.7938078045845032
1.0 0.0 0.0 0.0 0.0 1.0 0.0 0.0 0.0 0.0 1.0 0.8769645690917969
1.0 0.0 0.0 0.0 0.0 1.0 0.0 0.0 0.0 0.0 1.0 0.9128499627113342
1.0 0.0 0.0 0.0 0.0 1.0 0.0 0.0 0.0 0.0 1.0 0.6220406889915466
1.0 0.0 0.0 0.0 0.0 1.0 0.0 0.0 0.0 0.0 1.0 0.9639842510223389
1.0 0.0 0.0 0.0 0.0 1.0 0.0 0.0 0.0 0.0 1.0 0.5553748607635498
1.0 0.0 0.0 0.0 0.0 1.0 0.0 0.0 0.0 0.0 1.0 0.5808467268943787
1.0 0.0 0.0 0.0 0.0 1.0 0.0 0.0 0.0 0.0 1.0 0.33745768666267395
1.0 0.0 0.0 0.0 0.0 1.0 0.0 0.0 0.0 0.0 1.0 0.6818205714225769
1.0 0.0 0.0 0.0 0.0 1.0 0.0 0.0 0.0 0.0 1.0 0.7629492878913879
1.0 0.0 0.0 0.0 0.0 1.0 0.0 0.0 0.0 0.0 1.0 0.5395578145980835
1.0 0.0 0.0 0.0 0.0 1.0 0.0 0.0 0.0 0.0 1.0 0.6240866780281067
1.0 0.0 0.0 0.0 0.0 1.0 0.0 0.0 0.0 0.0 1.0 0.688886821269989
1.0 0.0 0.0 0.0 0.0 1.0 0.0 0.0 0.0 0.0 1.0 0.7029666900634766
1.0 0.0 0.0 0.0 0.0 1.0 0.0 0.0 0.0 0.0 1.0 0.6866499781608582
1.0 0.0 0.0 0.0 0.0 1.0 0.0 0.0 0.0 0.0 1.0 0.6818428039550781
1.0 0.0 0.0 0.0 0.0 1.0 0.0 0.0 0.0 0.0 1.0 0.6171590685844421
1.0 0.0 0.0 0.0 0.0 1.0 0.0 0.0 0.0 0.0 1.0 0.618258535861969
1.0 0.0 0.0 0.0 0.0 1.0 0.0 0.0 0.0 0.0 1.0 0.5935355424880981
1.0 0.0 0.0 0.0 0.0 1.0 0.0 0.0 0.0 0.0 1.0 0.5938159227371216
1.0 0.0 0.0 0.0 0.0 1.0 0.0 0.0 0.0 0.0 1.0 0.5578019618988037
1.0 0.0 0.0 0.0 0.0 1.0 0.0 0.0 0.0 0.0 1.0 0.5648422241210938
1.0 0.0 0.0 0.0 0.0 1.0 0.0 0.0 0.0 0.0 1.0 0.7713295221328735
1.0 0.0 0.0 0.0 0.0 1.0 0.0 0.0 0.0 0.0 1.0 0.7950993776321411
1.0 0.0 0.0 0.0 0.0 1.0 0.0 0.0 0.0 0.0 1.0 0.7637017965316772
1.0 0.0 0.0 0.0 0.0 1.0 0.0 0.0 0.0 0.0 1.0 0.7204084992408752
1.0 0.0 0.0 0.0 0.0 1.0 0.0 0.0 0.0 0.0 1.0 0.6587543487548828
1.0 0.0 0.0 0.0 0.0 1.0 0.0 0.0 0.0 0.0 1.0 0.6791578531265259
1.0 0.0 0.0 0.0 0.0 0.9999999875176996 -0.00015800190158188343 -0.00011272174074777874 0.0 0.00015800190158188343 0.9999999875176996 0.7134201437590599
1.0 0.0 0.0 0.0 0.0 1.0 0.0 0.0 0.0 0.0 1.0 0.691250205039978
1.0 0.0 0.0 0.0 0.0 1.0 0.0 0.0 0.0 0.0 1.0 0.6370159387588501
1.0 0.0 0.0 0.0 0.0 1.0 0.0 0.0 0.0 0.0 1.0 0.7593138217926025
1.0 0.0 0.0 0.0 0.0 1.0 0.0 0.0 0.0 0.0 1.0 0.8385826945304871
1.0 0.0 0.0 0.0 0.0 1.0 0.0 0.0 0.0 0.0 1.0 0.9395785331726074
1.0 0.0 0.0 0.0 0.0 1.0 0.0 0.0 0.0 0.0 1.0 0.9265175461769104
1.0 0.0 0.0 0.0 0.0 1.0 0.0 0.0 0.0 0.0 1.0 0.930884599685669
1.0 0.0 0.0 0.0 0.0 1.0 0.0 0.0 0.0 0.0 1.0 0.9056469202041626
1.0 0.0 0.0 0.0 0.0 1.0 0.0 0.0 0.0 0.0 1.0 0.8909245133399963
0.9999263753166021 5.456177011039321e-05 0.012134288916245795 0.010093269502681829 5.456177011039321e-05 0.9999595653710116 -0.008992477138722199 -0.007479918756204256 -0.012134288916245795 0.008992477138722199 0.9998859406876137 0.8317024871388183
1.0 0.0 0.0 0.0 0.0 1.0 0.0 0.0 0.0 0.0 1.0 0.8385608196258545
1.0 0.0 0.0 0.0 0.0 1.0 0.0 0.0 0.0 0.0 1.0 0.9046255946159363
1.0 0.0 0.0 0.0 0.0 1.0 0.0 0.0 0.0 0.0 1.0 0.9543163180351257
1.0 0.0 0.0 0.0 0.0 1.0 0.0 0.0 0.0 0.0 1.0 0.988312840461731
