0.9999833 0.001415182 -0.005599335 -0.008200495 -0.0014244013 0.9999976 -0.0016428545 -0.011233341 0.0055969968 0.0016508029 0.99998295 0.6087183
0.9999802 -0.0011326195 -0.0061927075 -0.006867755 0.0011329696 0.99999934 5.3043615e-05 -0.0123940725 0.006192643 -6.0058715e-05 0.9999808 0.80901605
0.99997234 0.0011877536 -0.007339813 -0.010230762 -0.0011896957 0.9999993 -0.00026022512 -0.012165407 0.0073394985 0.00026895007 0.99997306 0.7039863
0.9999775 0.0013787937 -0.0065560243 -0.009622761 -0.0013824682 0.99999887 -0.00055596937 -0.012142181 0.006555251 0.0005650204 0.99997836 0.68331844
0.99997044 -0.0013484088 -0.0075741285 -0.00808524 0.0013540485 0.9999988 0.00073953473 -0.011921435 0.007573122 -0.0007497686 0.99997103 0.8245772
0.999966 -0.0012649125 -0.008142306 -0.008807396 0.0012674542 0.99999917 0.00030701116 -0.012314813 0.00814191 -0.00031732072 0.9999668 0.8302162
0.999973 0.0006353247 -0.007321273 -0.010451794 -0.00063376647 0.99999976 0.00021515621 -0.012710639 0.0073214085 -0.00021051042 0.9999732 0.7905636
0.99999726 0.0004479845 -0.0023080297 -0.0059852023 -0.00044658527 0.9999997 0.000606726 -0.012777046 0.002308301 -0.0006056936 0.99999714 0.8382241
0.99999094 -0.000988669 -0.004136151 -0.006741456 0.000996189 0.99999785 0.0018164519 -0.012720811 0.0041343463 -0.0018205558 0.9999898 0.9660938
0.99999505 -0.0014368194 -0.002798451 -0.0038491539 0.0014427144 0.9999967 0.0021056503 -0.011098614 0.0027954166 -0.002109677 0.99999386 0.86241585
0.99998975 0.0007852959 -0.0044644116 -0.011300587 -0.0007839856 0.99999964 0.00029524814 -0.01413967 0.0044646417 -0.0002917451 0.99999 0.9963728
0.9999987 -0.0013306217 -0.00093841145 -0.0024368789 0.001331505 0.9999987 0.0009413803 -0.011944308 0.0009371576 -0.00094262854 0.9999991 0.89612234
0.9999993 -0.0009190579 -0.00074470456 -0.002575272 0.000918809 0.9999995 -0.00033451663 -0.011950366 0.00074501167 0.00033383214 0.99999964 0.8362688
0.9999995 0.0007175062 -0.0006381046 -0.00563748 -0.0007166269 0.9999988 0.0013772353 -0.013408885 0.00063909206 -0.0013767774 0.99999887 0.96355873
0.99999905 -0.00056468515 -0.0012394798 -0.004132144 0.0005655355 0.9999996 0.0006857729 -0.013208168 0.001239092 -0.0006864733 0.999999 0.9423937
0.99999386 0.0017583142 -0.0030407151 -0.008729617 -0.0017643248 0.9999965 -0.0019751955 -0.014440243 0.0030372315 0.001980548 0.99999344 0.8343125
0.99999905 -0.001254963 -0.0005985387 -0.0018138374 0.0012539686 0.99999785 -0.0016589166 -0.012331399 0.0006006193 0.0016581644 0.99999845 0.82091904
0.9999971 0.0018587611 -0.0015417754 -0.008174482 -0.0018584733 0.9999983 0.00018804432 -0.014879387 0.0015421222 -0.00018517842 0.9999988 0.950445
0.99999434 0.00063206133 -0.0033079828 -0.009183759 -0.0006262713 0.9999983 0.0017510635 -0.014751484 0.0033090839 -0.0017489819 0.99999297 1.0741286
0.99999875 -0.0010218133 -0.0012048716 -0.003502777 0.0010238691 0.99999803 0.0017069082 -0.012188124 0.001203125 -0.0017081397 0.9999978 0.9476344
0.9999975 -0.0014669795 -0.0016780238 -0.003542035 0.0014703583 0.9999969 0.0020141273 -0.0123264585 0.001675064 -0.0020165897 0.99999654 0.98649186
0.999999 -0.0014156535 -0.00022686967 -0.0018400379 0.0014158437 0.9999986 0.0008405725 -0.01244058 0.0002256794 -0.0008408929 0.99999964 0.94308877
0.999996 -0.0012296214 -0.0025447628 -0.00365388 0.0012305321 0.99999917 0.00035636895 -0.011500048 0.0025443225 -0.00035949895 0.9999967 0.8214016
0.9999985 -0.0008069647 -0.0015114658 -0.0037546284 0.0008074578 0.99999964 0.00032567608 -0.012546576 0.0015112024 -0.00032689606 0.9999988 0.88967764
0.999999 -0.0012760813 -0.00059468334 -0.0018296369 0.0012772677 0.9999972 0.0019990234 -0.010477109 0.00059213076 -0.001999781 0.99999785 0.8250165
0.999998 -0.0018903136 -0.00065234955 -0.0020224391 0.0018926646 0.99999166 0.0036221868 -0.0112231 0.00064549706 -0.003623414 0.9999932 1.0242559
0.9999949 0.0031339838 0.0006566712 -0.008890665 -0.0031363093 0.99998873 0.003570858 -0.015295229 -0.0006454728 -0.0035728991 0.9999934 1.1938679
0.99999654 0.0025558688 0.00060104456 -0.007705929 -0.002557328 0.99999374 0.0024393022 -0.015147122 -0.0005948063 -0.0024408307 0.99999684 1.1088582
0.9999997 -0.00078168156 0.00015570228 -0.0035632958 0.0007816352 0.99999964 0.0002976719 -0.016249532 -0.0001559349 -0.0002975501 0.99999994 1.1961137
0.9999994 -0.0008282646 0.00071519584 -0.002422437 0.0008299103 0.999997 -0.002303809 -0.017120939 -0.0007132855 0.002304401 0.9999971 1.110283
0.9999989 0.0012556968 0.0007878234 -0.0056860773 -0.0012526186 0.99999166 -0.0038954085 -0.019850777 -0.00079270825 0.0038944173 0.99999213 1.1458473
0.9999983 -0.0016765103 0.0008203787 -0.00085390126 0.0016786398 0.99999523 -0.0026019346 -0.01622993 -0.0008160126 0.0026033071 0.9999963 1.0680323
0.99999565 -0.0029577543 -2.965697e-07 0.00013385815 0.0029577482 0.9999933 0.0021470618 -0.011830886 -6.0539132e-06 -0.0021470531 0.9999977 1.0559069
0.99997836 -0.006385454 -0.0015862378 0.0043279077 0.006393063 0.9999679 0.004839112 -0.007414864 0.0015552868 -0.004849148 0.999987 0.93173736
0.99999535 -0.0030373929 -0.0002817145 -0.00034171413 0.0030382832 0.9999902 0.0032158862 -0.011904178 0.00027194383 -0.0032167272 0.9999948 1.1231744
0.999982 -0.005974638 -0.000503945 0.0037636575 0.0059741805 0.99998176 -0.00090374995 -0.014172263 0.00050933537 0.00090072304 0.99999946 1.1454268
0.9999937 -0.0033421325 -0.001214948 -0.00049563247 0.0033377635 0.999988 -0.0035804121 -0.016378712 0.0012268997 0.0035763343 0.99999285 1.05032
0.9999972 -0.0020380993 -0.0011935905 -0.0026654785 0.0020339112 0.99999183 -0.0034997049 -0.017573353 0.0012007135 0.0034972674 0.99999315 1.0865159
0.9999988 0.0004163573 -0.001482828 -0.006972194 -0.00041524944 0.99999964 0.0007473679 -0.015430653 0.0014831387 -0.00074675126 0.9999986 1.105922
0.9999922 0.0038885039 -0.0006948306 -0.01136931 -0.0038870017 0.9999901 0.0021505437 -0.016476374 0.00070318615 -0.0021478261 0.99999744 1.1283635
0.99999005 0.004374536 -0.0008550103 -0.0121632 -0.0043736836 0.9999899 0.0009968705 -0.018043278 0.00085936254 -0.0009931211 0.99999917 1.1249772
0.99999714 0.0022165629 -0.0009014194 -0.008477685 -0.0022157233 0.99999714 0.00093128346 -0.015919184 0.00090348104 -0.0009292835 0.99999917 1.0410169
0.9999961 0.002742871 -0.0005046595 -0.009581429 -0.0027414828 0.9999925 0.002731066 -0.015663793 0.0005121467 -0.0027296718 0.9999961 1.1596056
0.9999884 0.0045105442 0.001702426 -0.009826142 -0.004515823 0.999985 0.0031097033 -0.017094644 -0.001688374 -0.003117355 0.99999374 1.2650745
0.9999932 0.0035758538 -0.00088015985 -0.010477187 -0.0035729306 0.9999882 0.0033005634 -0.014040897 0.0008919518 -0.0032973962 0.99999416 1.0041757
0.99999666 -0.0025829456 -6.854055e-05 -0.00037599096 0.0025829421 0.99999666 -5.1371127e-05 -0.014167934 6.8673005e-05 5.119392e-05 1.0 1.0585085
0.99999756 -0.0021401667 -0.0005851617 -0.0016254545 0.0021400328 0.9999977 -0.00022951406 -0.014020522 0.0005856515 0.00022826123 0.9999998 1.0387471
0.9999989 -0.0014750155 7.2556795e-05 -0.0020924017 0.0014750028 0.99999887 0.00017514794 -0.014144471 -7.281506e-05 -0.00017504072 1.0 1.0678569
0.9999956 0.0029624726 0.00026575182 -0.0087169465 -0.0029624982 0.9999956 9.6617696e-05 -0.016970832 -0.00026546442 -9.740456e-05 0.99999994 1.0999401
0.99999994 -6.9141206e-05 -0.00036847137 -0.0046522873 6.935054e-05 0.9999998 0.0005681419 -0.014712702 0.00036843203 -0.0005681675 0.99999976 1.0613588
0.9999996 0.00044985214 -0.0008284622 -0.0052150534 -0.00044888447 0.9999992 0.0011678372 -0.013422589 0.0008289869 -0.0011674648 0.999999 0.9401051
0.99999917 -0.0011866824 -0.00047664854 -0.003341062 0.0011850822 0.9999937 -0.0033434113 -0.018044598 0.0004806131 0.0033428436 0.9999943 1.1172663
0.9999988 -0.0015063732 -0.00024802992 -0.0017770235 0.0015052104 0.9999882 -0.004623252 -0.015768226 0.00025499132 0.004622873 0.9999893 0.9484237
0.9999982 -0.0013082788 -0.0013759008 -0.003943619 0.0013085797 0.9999991 0.00021778951 -0.01474015 0.0013756147 -0.00021958958 0.99999905 1.0711714
0.99999636 -0.002541419 -0.0009118246 -0.0015336514 0.0025448995 0.9999894 0.0038364783 -0.011029823 0.00090206484 -0.0038387848 0.99999225 1.0588052
0.9999992 -0.0012165578 0.00010144192 -0.0020838133 0.0012163114 0.99999636 0.0023947395 -0.012496915 -0.00010435489 -0.0023946143 0.99999714 1.0154588
0.9999996 -0.00050286215 -0.0007909164 -0.004841927 0.0005028272 0.9999999 -4.4413275e-05 -0.016162332 0.0007909386 4.401556e-05 0.9999997 1.1373235
0.99999917 -0.0012606949 -0.00034273896 -0.002249444 0.001260347 0.9999987 -0.0010134882 -0.013899889 0.0003440162 0.0010130553 0.9999994 0.9563207
0.99999785 -0.002049501 -0.0003001289 -0.00084599276 0.0020490936 0.99999696 -0.0013512027 -0.013861905 0.00030289727 0.0013505848 0.99999905 0.9434154
0.9999984 -0.0017996384 -0.000115198796 -0.0011012849 0.0017997671 0.99999774 0.0011267907 -0.0131006725 0.000113170725 -0.0011269961 0.99999934 0.97509974
0.99999785 -0.0019962317 0.0006014324 -0.0002891659 0.0019952166 0.9999966 0.0016838735 -0.013049948 -0.00060479174 -0.0016826699 0.9999984 1.0280806
0.9999998 0.00055764994 -0.00028168716 -0.0057972884 -0.00055625604 0.9999877 0.0049245534 -0.011946949 0.0002844299 -0.0049243956 0.99998784 1.1032099
0.99999934 -0.0009854973 -0.00058887457 -0.003206597 0.0009866564 0.99999756 0.001971303 -0.013030993 0.00058693043 -0.0019718828 0.99999785 1.0183524
0.9999959 -0.0027877868 -0.00071217294 -0.00029348425 0.0027851355 0.9999893 -0.0036971227 -0.015143124 0.00072247215 0.0036951238 0.9999929 0.9611774
0.99999934 0.0008372495 -0.0008184017 -0.0061163777 -0.0008445494 0.99995947 -0.0089604305 -0.019631466 0.0008108664 0.008961116 0.9999595 0.96201324
0.9999987 -0.0011852977 -0.001122109 -0.0027419797 0.0011795448 0.99998623 -0.0051137563 -0.015460456 0.0011281549 0.005112426 0.9999863 0.88567454
0.99999785 0.0018585732 -0.0008957244 -0.0069590616 -0.0018570923 0.9999969 0.0016513235 -0.012952715 0.0008987907 -0.0016496566 0.9999982 0.8587355
0.99999434 0.0032989273 -0.00063295953 -0.008948679 -0.0032977443 0.99999285 0.0018608083 -0.013615342 0.00063909363 -0.0018587105 0.9999981 0.8669173
0.9999935 0.0031919905 -0.0016818994 -0.009839173 -0.0031885728 0.99999285 0.002030815 -0.013486594 0.0016883697 -0.002025439 0.99999654 0.86880445
0.99999666 -0.0018646206 -0.0018022052 -0.0019045311 0.0018642353 0.9999982 -0.00021548335 -0.011759933 0.001802604 0.00021212289 0.99999833 0.8215568
0.99999905 0.00016774733 -0.0013553624 -0.0057075922 -0.00016637833 0.99999946 0.0010101164 -0.014806088 0.001355531 -0.00100989 0.99999857 1.0206563
0.99999756 -0.0011121201 -0.0019167361 -0.0032882805 0.0011154916 0.99999785 0.0017588662 -0.011173238 0.0019147758 -0.001761 0.9999966 0.8358131
0.9999981 0.0005929222 -0.001850733 -0.0056677805 -0.0005916948 0.9999996 0.0006636719 -0.013061184 0.0018511257 -0.00066257553 0.9999981 0.8343701
0.9999986 0.0015694246 -0.0005415135 -0.0054283366 -0.0015691824 0.9999987 0.0004473945 -0.012121418 0.00054221496 -0.00044654415 0.99999976 0.73275894
0.99998105 0.0060107564 -0.0013308631 -0.013450757 -0.006008554 0.99998057 0.0016528437 -0.014533104 0.0013407721 -0.0016448158 0.99999774 0.8167235
0.99999225 0.0033896966 -0.0019900545 -0.009713336 -0.0033824474 0.99998766 0.0036348233 -0.0113655515 0.0020023508 -0.003628064 0.9999914 0.7489144
0.9999923 0.003866339 -0.0006428566 -0.009788667 -0.0038651351 0.9999908 0.0018639553 -0.013797697 0.0006500574 -0.0018614562 0.99999803 0.85980976
0.99999326 0.002432628 -0.0027420837 -0.008197298 -0.00244019 0.9999932 -0.0027577337 -0.013381683 0.0027353568 0.0027644064 0.99999243 0.6845205
0.9999977 -0.00019963959 -0.0021512322 -0.0047080005 0.00018253933 0.9999684 -0.007946317 -0.016667364 0.0021527507 0.007945906 0.9999661 0.8197437
0.9999871 -0.004198776 -0.0028568301 0.0019903735 0.0041837743 0.9999775 -0.005237132 -0.010739118 0.0028787556 0.005225112 0.9999822 0.66056967
0.999995 -0.0006680415 -0.0030862393 -0.0038748416 0.0006631657 0.9999985 -0.0015806055 -0.011751015 0.0030872906 0.0015785509 0.999994 0.70178133
0.9999987 0.00014806548 -0.001609668 -0.004137837 -0.00014098606 0.99999034 0.0043972856 -0.008822388 0.0016103035 -0.004397053 0.99998903 0.6927422
0.99999636 -0.0015975103 -0.0021732696 -0.0017342166 0.0016020536 0.99999654 0.002090428 -0.009244396 0.0021699227 -0.002093902 0.99999547 0.68568027
0.999991 -0.0038196365 -0.0018578126 0.0022625267 0.0038135634 0.9999874 -0.003261589 -0.009530214 0.0018702473 0.0032544746 0.99999297 0.6382208
0.9999886 -0.004769593 7.894003e-05 0.005238282 0.0047699343 0.99997556 -0.005113556 -0.009011153 -5.4548524e-05 0.0051138746 0.99998695 0.6133349
0.99999976 -0.0007000633 6.010154e-05 -0.0010380956 0.00070026465 0.9999939 -0.0034176854 -0.010701951 -5.770858e-05 0.0034177266 0.99999416 0.6292157
0.9999862 0.003965245 0.0034481871 -0.0057019982 -0.0039651175 0.99999213 -4.3803993e-05 -0.0120578 -0.0034483338 3.0130921e-05 0.99999404 0.6610775
0.99999267 0.0025819184 0.0028354921 -0.0041696713 -0.002592498 0.9999897 0.0037338142 -0.009954872 -0.0028258224 -0.003741138 0.99998903 0.6635627
0.99998844 -0.0014764693 0.0045757894 0.0032651832 0.0014534023 0.99998623 0.0050403085 -0.0072769844 -0.0045831683 -0.0050335997 0.9999768 0.67279685
0.99997205 -0.0007094176 0.0074436264 0.0056153573 0.00066004344 0.99997777 0.0066334405 -0.0066074836 -0.0074481666 -0.006628342 0.9999503 0.6484854
0.99996746 -0.004259147 0.0068483483 0.009123035 0.004232669 0.99998355 0.0038762393 -0.0054695867 -0.0068647447 -0.0038471264 0.99996907 0.56450033
0.99996746 0.0014678274 0.0079326695 0.0009770377 -0.0014753853 0.99999845 0.00094699196 -0.008136558 -0.007931267 -0.00095866487 0.9999681 0.48485452
0.9999525 0.0028420547 0.009321573 8.714774e-05 -0.0028553812 0.99999493 0.0014166514 -0.009621598 -0.0093175 -0.0014432007 0.99995553 0.56901723
0.9999381 0.0022158788 0.010905724 0.002729244 -0.0022380173 0.99999547 0.0020181923 -0.010182422 -0.010901202 -0.0020424747 0.9999385 0.6723107
0.9998747 0.00032167052 0.01582529 0.011727005 -0.00033278298 0.9999997 0.0006995678 -0.007664964 -0.015825061 -0.0007047465 0.99987453 0.53254104
0.99977094 -0.0007371481 0.021389388 0.0209388 0.00072750397 0.99999964 0.00045866027 -0.008440644 -0.021389717 -0.00044299435 0.9997711 0.6730029
0.9994799 -0.0015103589 0.03221197 0.03545499 0.0014495372 0.99999714 0.0019114373 -0.006531637 -0.032214765 -0.0018637506 0.99947923 0.61359066
0.9994758 3.1728512e-05 0.032374818 0.030913787 -6.080407e-05 0.9999996 0.0008971075 -0.006124267 -0.032374777 -0.00089860574 0.9994754 0.49039897
0.999189 0.0042617866 0.040039234 0.034998745 -0.004297991 0.9999904 0.0008181866 -0.008751465 -0.040035363 -0.0009896114 0.9991978 0.56240207
0.9987889 -0.0017238718 0.04917067 0.05242708 0.0017336457 0.9999985 -0.0001561264 -0.0042707054 -0.049170326 0.00024118183 0.9987904 0.48081094
0.9988459 -0.00027660702 0.048029605 0.04276662 0.00036425435 0.9999983 -0.0018161177 -0.0026457193 -0.04802902 0.0018315166 0.99884427 0.30860877
0.9988671 -0.00065545464 0.04758225 0.046447672 0.0007026629 0.9999993 -0.0009754205 -0.0039289547 -0.047581576 0.0010077498 0.99886686 0.41123697
0.9985198 -0.000669292 0.05438584 0.050174613 0.00076914066 0.99999803 -0.0018150213 -0.0023565937 -0.05438452 0.001854165 0.99851835 0.324465
0.9984343 -0.00038823567 0.05593553 0.053794608 0.00054999394 0.9999957 -0.0028765053 -0.0031512552 -0.055934176 0.0029027658 0.99843025 0.3883156
0.9982294 -0.00021629213 0.059481602 0.054970816 0.00032563435 0.9999983 -0.0018285653 -0.0024354137 -0.059481103 0.0018446968 0.9982277 0.33731535
0.9981645 5.418147e-06 0.060561083 0.052897014 0.00011818866 0.9999979 -0.0020374446 -0.0016349064 -0.060560968 0.0020408626 0.9981624 0.27767396
0.99825615 -0.00020025157 0.059030883 0.05390703 0.00027639934 0.99999917 -0.0012818025 -0.0023588405 -0.059030574 0.0012958834 0.9982553 0.32329753
0.9982964 -0.0018685774 0.058317225 0.06031487 0.0018654461 0.9999983 0.00010813571 -0.0029999302 -0.058317326 8.3614736e-07 0.9982981 0.41854155
0.9983549 -0.0016162464 0.057313487 0.054553136 0.0017303436 0.9999966 -0.0019411859 -0.0017695249 -0.057310157 0.0020371645 0.9983543 0.32267088
0.9983224 -0.0007580902 0.057894133 0.060363524 0.0007761018 0.99999964 -0.00028862886 -0.0041083805 -0.057893895 0.0003330764 0.99832267 0.4738981
0.9983407 -0.0004668509 0.05758145 0.05615614 0.00054016296 0.99999905 -0.0012576303 -0.0032779495 -0.05758081 0.0012866468 0.99834 0.39762494
0.9981317 0.0004010675 0.06109817 0.04735823 -0.00026592333 0.9999975 -0.0022200334 -0.00016344666 -0.061098907 0.0021996384 0.9981293 0.16301738
0.99805385 -0.00054341526 0.062355723 0.06231746 0.0005186031 0.99999976 0.0004140975 -0.0033179075 -0.06235593 -0.00038095374 0.9980539 0.41647243
0.9983687 -0.00035145666 0.05709501 0.054188393 0.0004598132 0.9999981 -0.0018847024 -0.0029258002 -0.05709424 0.0019078809 0.99836695 0.36910546
0.9984161 -0.0010047934 0.056251917 0.062022936 0.0010509379 0.9999991 -0.00079074135 -0.0050160717 -0.05625107 0.0008486061 0.9984163 0.54854375
0.99895424 -0.00037999218 0.045719527 0.043746173 0.00039500504 0.9999999 -0.00031933474 -0.004083671 -0.0457194 0.00033706025 0.99895424 0.40000337
0.9989706 -0.000621722 0.045356914 0.04416972 0.000788197 0.999993 -0.0036525403 -0.004089387 -0.04535433 0.0036845307 0.9989642 0.4226412
0.99879473 -0.010122427 0.04802719 0.06218201 0.00999454 0.9999458 0.0029021795 7.350628e-05 -0.04805397 -0.0024186717 0.9988418 0.3799525
0.99932265 -0.00038504333 0.03679758 0.032228127 0.0002864853 0.99999636 0.0026836179 -0.0038395275 -0.03679848 -0.002671258 0.99931914 0.28939193
0.9994113 0.0029296756 0.03418324 0.029027162 -0.0027893926 0.9999875 -0.004150827 -0.008429599 -0.034194972 0.0040530325 0.99940693 0.5386351
0.9993511 0.00812374 0.035092168 0.02114172 -0.0079622725 0.9999571 -0.004738527 -0.010365145 -0.035129156 0.0044560386 0.99937284 0.4955513
0.99953884 0.0007065693 0.030358732 0.028982526 -0.0006674069 0.9999989 -0.0013001026 -0.007933175 -0.030359618 0.0012792414 0.99953824 0.5881235
0.9996326 -0.0015350064 0.027061457 0.02850165 0.0016071592 0.99999523 -0.0026447072 -0.0074148607 -0.027057268 0.0026872274 0.9996303 0.6091773
0.999599 -0.0015216992 0.028277086 0.030008497 0.0015790428 0.9999967 -0.0020056942 -0.0071987924 -0.028273942 0.0020495406 0.9995981 0.6047249
0.9996775 -0.0011437939 0.025368871 0.02432358 0.0012850788 0.9999837 -0.0055536167 -0.0063657872 -0.025362106 0.0055844267 0.99966276 0.50823563
0.9997392 -0.005561802 0.022149185 0.028590288 0.005652261 0.9999759 -0.004023563 -0.0055553275 -0.022126274 0.004147707 0.99974656 0.5578371
0.99977887 -0.0017464557 0.02095742 0.019766463 0.0017726733 0.9999977 -0.0012324838 -0.004461712 -0.020955218 0.0012693618 0.9997796 0.3730206
0.99983186 -0.00034443106 0.018333789 0.015568818 0.00029561302 0.9999964 0.0026653786 -0.0063265474 -0.01833464 -0.0026595108 0.9998284 0.45464122
0.9998382 -0.00050873804 0.017983137 0.015457544 0.00046545538 0.99999696 0.0024109515 -0.0063694194 -0.01798431 -0.0024021908 0.9998354 0.46626845
0.99991727 -0.0017782006 0.012740446 0.011404347 0.001752784 0.9999964 0.002005843 -0.00725672 -0.012743968 -0.001983346 0.99991685 0.5916065
0.9999015 -0.0015786133 0.013947989 0.012431848 0.0015705739 0.99999857 0.0005873221 -0.0069446205 -0.013948896 -0.0005653579 0.99990255 0.54509807
0.9999544 -0.0016970341 0.00939712 0.007350131 0.0017061566 0.9999981 -0.00096284284 -0.006511286 -0.009395469 0.0009788319 0.99995536 0.4828739
0.99997646 0.0005344197 0.0068394686 0.0015627798 -0.00053140527 0.99999976 -0.00044255392 -0.0068195323 -0.006839704 0.00043890896 0.9999765 0.4089098
0.9999821 0.00076043344 0.00593133 0.00088568334 -0.00075996027 0.9999997 -8.202236e-05 -0.008366633 -0.0059313904 7.7513316e-05 0.9999824 0.51388174
0.9999856 -0.0016178439 0.0051204157 0.004088622 0.0016212274 0.99999845 -0.00065668736 -0.011380684 -0.0051193456 0.0006649792 0.99998665 0.8158013
0.9999693 -0.0021731828 0.007529978 0.0063704387 0.0021894188 0.9999953 -0.0021485984 -0.007469425 -0.0075252736 0.0021650186 0.99996936 0.5387897
0.9999856 0.000685051 0.0053312895 0.0007435265 -0.00068672816 0.9999997 0.00031276108 -0.010501518 -0.005331074 -0.00031641772 0.99998575 0.6827608
0.9999942 0.0018072254 0.00288625 -0.0026657744 -0.0018063816 0.99999833 -0.0002949246 -0.009900221 -0.0028867782 0.00028970922 0.99999577 0.56691337
0.9999909 0.00084171706 0.0041855853 -0.0003816984 -0.00084362406 0.9999995 0.00045387313 -0.010531928 -0.004185201 -0.00045740008 0.9999911 0.67419094
0.99999267 -0.0021314353 0.0031769327 0.0033574973 0.0021330998 0.9999976 -0.0005205941 -0.009344495 -0.0031758153 0.00052736705 0.9999948 0.6658162
0.99999595 -0.0028349485 0.0002938029 0.0017024118 0.0028346346 0.9999954 0.0010632181 -0.010775858 -0.00029681574 -0.001062381 0.9999994 0.8074277
0.99999297 -0.0030258377 -0.0022136508 0.00031792544 0.0030269558 0.9999953 0.0005019743 -0.00979201 0.0022121214 -0.0005086714 0.99999744 0.712432
0.99999326 0.003035238 -0.0020669033 -0.00858528 -0.003036826 0.9999951 -0.0007655288 -0.01208582 0.0020645696 0.0007718005 0.99999756 0.6641707
0.99999577 -0.0005056774 -0.002855693 -0.0040203435 0.0005055204 0.9999999 -5.572739e-05 -0.010590711 0.002855721 5.4283544e-05 0.99999595 0.69347614
0.9999945 -0.00019046654 -0.0033043807 -0.005331943 0.00019217606 0.9999998 0.0005170368 -0.01173314 0.0033042817 -0.000517669 0.9999944 0.7636801
0.9999895 -0.0011785887 -0.0044200984 -0.0052619167 0.001186527 0.9999977 0.0017937331 -0.010852378 0.004417974 -0.0017989589 0.9999886 0.8030226
0.99998957 0.0004610837 -0.004545198 -0.006807281 -0.0004536951 0.99999857 0.0016264814 -0.010352268 0.0045459415 -0.0016244022 0.9999884 0.6860081
0.99998564 0.0041596 -0.0033780197 -0.013018751 -0.0041516987 0.9999886 0.0023426989 -0.0138348555 0.003387726 -0.0023286408 0.99999154 0.87167466
0.99997157 0.007395229 -0.0014637937 -0.014991045 -0.007393862 0.9999722 0.0009368903 -0.014162865 0.0014706815 -0.0009260406 0.9999985 0.7043765
0.9999924 0.0015077674 -0.0036050943 -0.008150374 -0.0015071154 0.99999887 0.00018354441 -0.013045853 0.003605367 -0.00017810971 0.9999935 0.7685814
0.9999977 0.0020972686 -0.000492717 -0.0065655475 -0.002098772 0.9999931 -0.003070915 -0.014272076 0.0004862731 0.003071942 0.9999952 0.7843712
0.99998844 0.004805962 -0.00021176225 -0.010574463 -0.004806674 0.9999823 -0.0034996422 -0.016207587 0.00019493936 0.0035006197 0.99999386 0.8113068
0.99999696 0.0024366067 0.00029994856 -0.0062134573 -0.0024358472 0.99999386 -0.0025073502 -0.013602268 -0.00030605614 0.0025066119 0.99999684 0.74938095
0.9999872 0.004985312 -0.0009129849 -0.011028778 -0.0049847118 0.99998736 0.00065847894 -0.0138884615 0.0009162561 -0.00065391953 0.99999934 0.7473492
0.9999966 0.0023389573 -0.0011681251 -0.007772895 -0.0023367454 0.99999547 0.0018912952 -0.0127051445 0.0011725434 -0.0018885592 0.99999756 0.82686734
0.99999833 0.0018084003 -0.00020408229 -0.0056857946 -0.0018080969 0.99999726 0.0014769691 -0.0115384 0.00020675268 -0.0014765976 0.99999887 0.74413425
0.9999965 0.0025494697 -0.0007679198 -0.0078679 -0.0025488632 0.9999964 0.0007896837 -0.013832477 0.00076993037 -0.00078772363 0.9999994 0.8596933
0.99999493 0.0029544851 0.0011826943 -0.0063582663 -0.0029545045 0.99999565 1.4658875e-05 -0.013773859 -0.0011826459 -1.8153078e-05 0.9999993 0.804587
0.9999884 0.0048217755 0.00021468457 -0.010245069 -0.0048218044 0.9999884 0.00013342247 -0.015157276 -0.00021403872 -0.00013445607 0.99999994 0.84038055
0.9999824 0.005842764 0.0009868226 -0.011135416 -0.005841043 0.9999814 -0.0017378677 -0.015996264 -0.0009969582 0.0017320731 0.999998 0.82965034
0.99997663 0.006154331 0.0029808192 -0.009659866 -0.0061569954 0.9999806 0.0008854588 -0.014801186 -0.002975312 -0.00090379093 0.9999952 0.81673247
0.9999757 0.0044784434 0.0053451504 -0.005026925 -0.004478934 0.99999 7.99247e-05 -0.012492397 -0.0053447387 -0.000103863335 0.9999857 0.69187254
0.9999799 0.004192685 0.004759631 -0.0050929994 -0.004204695 0.999988 0.0025162182 -0.011830508 -0.0047490243 -0.0025361804 0.9999855 0.7266078
0.9999914 0.001923598 0.0036721965 -0.002674023 -0.0019352952 0.9999931 0.0031844706 -0.011023264 -0.0036660454 -0.00319155 0.9999882 0.79554826
0.99996775 0.0006549101 0.008001044 0.0033672769 -0.00066295004 0.9999993 0.001002245 -0.011838516 -0.008000382 -0.001007517 0.9999675 0.83095294
0.9999572 -0.00018107018 0.009250567 0.005791042 0.00018284723 0.99999994 -0.00019125627 -0.011886586 -0.009250532 0.00019293952 0.9999572 0.826313
0.9999592 -0.001552921 0.008899914 0.007114009 0.0015580826 0.9999986 -0.00057306135 -0.0099438755 -0.008899013 0.00058690476 0.99996024 0.74236387
0.99993855 -0.002260752 0.0108510675 0.009926576 0.0022578798 0.99999744 0.00027694658 -0.00935393 -0.010851665 -0.00025242913 0.9999411 0.75163066
0.99992824 0.0011370662 0.01192708 0.005491816 -0.0011454365 0.9999991 0.0006949884 -0.010461139 -0.011926279 -0.0007086003 0.99992865 0.7255296
0.99994767 -0.0022782632 0.009973766 0.008757797 0.002267866 0.9999969 0.0010536562 -0.00804416 -0.009976136 -0.001030982 0.9999497 0.6756392
0.99993384 -0.001452134 0.011410067 0.009287336 0.0014512072 0.9999989 8.950873e-05 -0.009984765 -0.011410185 -7.294444e-05 0.9999349 0.7700552
0.99993634 -0.0016765378 0.011159182 0.011353694 0.001691604 0.9999977 -0.0013408257 -0.013389393 -0.011156908 0.0013596172 0.9999368 0.99081224
0.999967 7.66939e-05 0.008125487 0.004048854 -6.795195e-05 0.9999994 -0.0010761386 -0.011280874 -0.008125564 0.0010755509 0.9999664 0.76349646
0.9999547 -0.0018848515 0.009328366 0.007989313 0.0018956182 0.99999756 -0.001145483 -0.010019432 -0.009326185 0.0011631142 0.99995583 0.7408121
0.9999671 -0.0013081784 0.008002623 0.00625585 0.0013192195 0.9999982 -0.0013745659 -0.011661908 -0.008000811 0.001385078 0.99996704 0.8337885
0.99994546 0.003023952 0.0099964915 0.0011689691 -0.003018044 0.9999953 -0.00060604507 -0.012373756 -0.009998277 0.00057584216 0.9999499 0.7558742
0.9999772 -0.0011062801 0.006665643 0.0046315813 0.0011081327 0.99999934 -0.00027422892 -0.010717921 -0.006665335 0.00028160907 0.99997777 0.77485555
0.9999605 -0.0038585768 0.008010293 0.010971387 0.0038394104 0.99998975 0.0024066991 -0.007906565 -0.008019498 -0.0023758493 0.999965 0.7908941
0.9999806 -0.0016805915 0.0059972457 0.005042163 0.0016705028 0.9999972 0.001686819 -0.010800049 -0.006000064 -0.001676768 0.99998057 0.87918127
0.99999183 -0.0028456955 0.0028749618 0.0037803275 0.0028382046 0.99999255 0.0026062683 -0.009270794 -0.002882357 -0.0025980873 0.9999925 0.83102113
0.99999696 -0.0010468741 0.0022224577 0.00034403193 0.001041557 0.9999966 0.0023922524 -0.010953735 -0.0022249545 -0.0023899304 0.9999947 0.88118106
0.99999714 -0.0019504452 0.0013644067 0.0012681533 0.0019488296 0.9999974 0.0011844228 -0.00969277 -0.0013667133 -0.0011817605 0.9999984 0.7573274
0.9999997 0.00074202317 -5.6299115e-05 -0.0038756626 -0.0007419935 0.9999996 0.00052547717 -0.01149025 5.668901e-05 -0.00052543526 0.9999999 0.74066234
0.9999987 -0.0015826329 0.00036772306 7.388341e-05 0.0015831988 0.99999756 -0.0015435547 -0.010841924 -0.0003652793 0.0015441349 0.99999875 0.72242075
0.99999857 0.00086501334 -0.0014675034 -0.005689717 -0.00086756086 0.9999981 -0.0017362214 -0.013764282 0.0014659988 0.001737492 0.99999744 0.8143833
0.99999493 -0.0014648624 -0.0028355792 -0.003140094 0.0014609239 0.999998 -0.0013904802 -0.012415657 0.0028376102 0.0013863306 0.999995 0.78827417
0.99999267 0.001859569 -0.003345497 -0.008995376 -0.0018577056 0.9999981 0.00055998965 -0.012645273 0.0033465321 -0.0005537706 0.9999942 0.80440027
0.9999707 -0.0011193162 -0.007574151 -0.006382295 0.0011195774 0.99999934 3.0239024e-05 -0.007975348 0.0075741126 -3.8717986e-05 0.99997133 0.56540704
0.99994034 0.004780245 -0.009824156 -0.018840289 -0.0047838953 0.9999885 -0.00034812756 -0.00989383 0.009822379 0.00039510452 0.99995166 0.56348574
0.9999664 -0.0020572424 -0.007933755 -0.005718397 0.0020611149 0.99999774 0.00047996725 -0.009434624 0.0079327505 -0.0004963035 0.9999684 0.6571646
0.9999196 -0.0016594335 -0.012572694 -0.013792682 0.0016021276 0.9999883 -0.004566665 -0.008472498 0.012580125 0.0045461548 0.99991053 0.6184109
0.99965453 0.006086092 -0.025569817 -0.038442913 -0.006173625 0.9999753 -0.0033457426 -0.008616549 0.025548823 0.0035024453 0.99966747 0.5071996
0.999658 0.00013346113 -0.026150146 -0.029145181 -0.00022216125 0.9999942 -0.0033890796 -0.0069373394 0.026149543 0.0033937301 0.99965227 0.50597304
0.9995693 -0.0022596968 -0.029258676 -0.025786933 0.0022358552 0.99999714 -0.0008475499 -0.004438725 0.029260507 0.00078176666 0.9995715 0.4502496
0.99963427 -0.0002822546 -0.027042484 -0.0272079 0.0003337129 0.99999815 0.0018983744 -0.005739459 0.027041897 -0.0019067044 0.9996325 0.50439954
0.9993123 0.0007626772 -0.03707294 -0.040893137 -0.00069719105 0.99999815 0.0017793109 -0.005334001 0.03707423 -0.0017522404 0.999311 0.5308552
0.9990301 0.0017621967 -0.04399645 -0.054066457 -0.0016388416 0.99999464 0.0028396633 -0.0055807717 0.044001218 -0.002764806 0.99902767 0.6322968
0.998816 -0.0004540278 -0.048645884 -0.049584415 0.00064621307 0.9999921 0.003935046 -0.002420001 0.048643712 -0.0039618225 0.9988083 0.4841971
0.9987693 0.003949078 -0.049440373 -0.059564263 -0.0038651 0.99999094 0.0017940521 -0.0049894485 0.049447007 -0.0016007521 0.9987755 0.5258098
0.9986007 -0.0012014752 -0.05286976 -0.05939746 0.0012723148 0.99999833 0.0013062536 -0.0033034463 0.0528681 -0.0013716927 0.99860054 0.60728467
0.9982878 -0.0009440421 -0.058485266 -0.07257468 0.0009854503 0.9999993 0.00067917455 -0.0044283224 0.05848458 -0.00073564606 0.99828804 0.71116275
0.99801075 -0.00043395747 -0.06304261 -0.07072236 0.00040576558 0.9999998 -0.00045999003 -0.0022845077 0.0630428 0.00043349448 0.99801075 0.5646079
0.9978366 -7.050972e-05 -0.06574311 -0.060213514 -0.00022522792 0.99998987 -0.0044909604 0.0013099335 0.06574277 0.004496052 0.99782646 0.3262211
0.99765563 -0.00199967 -0.068404585 -0.06410542 0.0017964882 0.9999938 -0.003031682 0.001311158 0.068410225 0.0029016866 0.99765307 0.3986011
0.9984413 0.0022397703 -0.055766944 -0.06014694 -0.0023516358 0.99999535 -0.0019404043 -0.0028410512 0.05576234 0.0020685233 0.99844193 0.43961954
0.99778 -0.00051289034 -0.0665936 -0.06709536 0.00034296385 0.99999666 -0.0025631008 -0.0007063532 0.0665947 0.0025345718 0.99777687 0.4282954
0.9982412 0.003720299 -0.059166994 -0.067823544 -0.0036731707 0.99999285 0.0009052718 -0.0036863917 0.059169937 -0.0006863491 0.9982477 0.47046494
0.99772525 0.0025868597 -0.06736177 -0.07542061 -0.002514119 0.9999962 0.0011646013 -0.0020118672 0.06736453 -0.0009925966 0.99772793 0.48407027
0.99853694 0.00043957747 -0.054071866 -0.051820062 -0.00023733432 0.99999297 0.0037466306 -0.0008342863 0.054073133 -0.003728316 0.99853003 0.39230588
0.9984616 0.002896859 -0.05537162 -0.068335526 -0.0027751164 0.99999356 0.0022754134 -0.004383093 0.055377852 -0.0021182501 0.9984632 0.6016823
0.99855363 -0.009531254 -0.052913643 -0.040494975 0.00978708 0.99994165 0.0045777713 0.001985532 0.052866925 -0.00508902 0.9985886 0.48959795
0.99824756 0.00043482432 -0.059174147 -0.05864338 9.8364675e-05 0.9999594 0.009007295 0.0005313067 0.059175663 -0.00899733 0.99820703 0.45184863
0.99866956 0.0017321955 -0.05153698 -0.058114864 -0.0015593367 0.999993 0.0033940934 -0.0031594008 0.051542502 -0.0033092143 0.99866533 0.5315755
0.99889123 -0.0016971134 -0.047047343 -0.055383954 0.0017511689 0.99999785 0.0011077673 -0.005068209 0.047045365 -0.0011889269 0.99889207 0.68955755
0.99909824 0.0023493383 -0.042392742 -0.04692497 -0.0023162325 0.99999696 0.0008300322 -0.00450853 0.042394564 -0.0007310923 0.9991007 0.47056603
0.9991411 0.00030516484 -0.041437108 -0.044220936 -0.0003306396 0.99999976 -0.00060792913 -0.0048685377 0.04143691 0.00062110776 0.9991409 0.4850434
0.99945855 0.0020317489 -0.032839596 -0.03647607 -0.0020096763 0.99999774 0.00070512923 -0.0058348873 0.032840952 -0.00063875056 0.9994604 0.47317386
0.99975353 0.0016638234 -0.022138052 -0.028158363 -0.0016731424 0.9999985 -0.00040243866 -0.005145664 0.022137348 0.00043937957 0.99975485 0.5169133
0.9998294 0.005705593 -0.0175669 -0.028587379 -0.0056744353 0.99998224 0.0018229837 -0.009619591 0.01757699 -0.0017229905 0.999844 0.5908831
0.9998861 0.0051051616 -0.014203601 -0.025254833 -0.0050791227 0.99998534 0.0018687333 -0.008983626 0.014212933 -0.0017963786 0.99989736 0.62356955
0.9999344 0.0063866177 -0.009508914 -0.02150499 -0.0063704364 0.9999782 0.0017309985 -0.013880607 0.009519762 -0.001670309 0.99995327 0.7622372
0.9999424 0.00965438 -0.004682462 -0.02020883 -0.009651091 0.99995315 0.00072469644 -0.014374183 0.0046892394 -0.00067946385 0.9999888 0.6148039
0.9999899 0.0036513691 -0.0026150795 -0.01037287 -0.0036566607 0.9999913 -0.002021616 -0.014010186 0.002607675 0.0020311582 0.9999945 0.7294191
0.99999326 0.00281432 -0.002361114 -0.008589947 -0.0028185195 0.99999446 -0.001777188 -0.013217758 0.0023560992 0.0017838309 0.99999565 0.6959374
0.999997 0.0022042117 0.0010684461 -0.0045263567 -0.0022019604 0.99999535 -0.0021036717 -0.010704119 -0.001073078 0.0021013129 0.9999972 0.5733285
0.99998695 -0.0026591797 0.0043584746 0.0052156113 0.0026856663 0.9999779 -0.0060824915 -0.00838072 -0.004342204 0.0060941176 0.999972 0.5146805
0.9999862 -0.004397742 0.0028861396 0.0066872644 0.004408112 0.9999838 -0.003596548 -0.008240035 -0.0028702763 0.0036092205 0.9999894 0.6018183
0.999992 0.001799743 0.0035613237 -0.002276853 -0.0018025909 0.99999803 0.0007966057 -0.010172819 -0.003559883 -0.000803019 0.9999933 0.6173864
0.99998635 -0.0025718566 0.0045500738 0.0047883578 0.0025389867 0.99997073 0.0072150836 -0.0054123127 -0.004568497 -0.0072034327 0.99996364 0.6358969
0.9999692 -0.0013806178 0.007731234 0.006950503 0.0013382189 0.999984 0.0054865903 -0.0057584266 -0.007738686 -0.005476075 0.99995506 0.50587374
0.9999748 -0.0007980002 0.007056614 0.0040866355 0.000761201 0.9999861 0.005216003 -0.0071690762 -0.007060678 -0.0052104997 0.9999615 0.63729644
0.9999897 -0.0016454175 0.004228676 0.0032883002 0.0016353828 0.9999958 0.002375398 -0.009432688 -0.004232567 -0.002368458 0.99998826 0.775263
0.9999963 -0.0010947448 0.0024995795 0.00074491504 0.0010933649 0.9999992 0.00055332744 -0.01171994 -0.0025001832 -0.00055059243 0.9999967 0.8629638
0.9999998 -0.0001982401 0.0005390415 -0.0026258063 0.00019983506 0.9999956 -0.0029604458 -0.014469935 -0.00053845224 0.0029605532 0.99999547 0.88560015
0.99998903 0.0046035834 -0.000839969 -0.010104028 -0.0046079145 0.9999757 -0.0052296324 -0.014359964 0.0008158736 0.0052334457 0.999986 0.67387867
0.9999972 0.0009437683 -0.0021823165 -0.005699579 -0.00095708435 0.99998087 -0.0061088125 -0.012593202 0.0021765095 0.006110884 0.99997896 0.6743164
0.99999917 0.00024808495 -0.0012566184 -0.004398722 -0.00025338624 0.99999106 -0.0042203045 -0.013354349 0.0012555602 0.0042206193 0.9999903 0.7658107
0.9999918 0.003956151 -0.00086908817 -0.0097485 -0.003953301 0.9999869 0.0032572246 -0.0120876115 0.0008819628 -0.0032537621 0.99999434 0.7766345
0.999997 -0.0023488062 0.00068782637 0.0018861194 0.0023445964 0.9999789 0.006058637 -0.005795352 -0.0007020424 -0.0060570063 0.9999814 0.5744668
0.9999978 0.00012791148 -0.0020894988 -0.005156029 -0.00011992837 0.99999267 0.0038202628 -0.010046181 0.0020899721 -0.003820004 0.9999905 0.7938644
0.9999987 0.0015200695 -0.0005404906 -0.0058362177 -0.0015206485 0.9999983 -0.001072421 -0.01304952 0.0005388596 0.0010732416 0.9999993 0.7948755
0.99999577 0.0022641136 -0.001834972 -0.00825063 -0.0022702909 0.9999917 -0.0033714005 -0.014972162 0.0018273236 0.0033755521 0.9999926 0.81539935
0.99997944 0.0053939912 -0.003465197 -0.013794792 -0.005401619 0.999983 -0.0021955105 -0.014986083 0.0034532957 0.002214183 0.9999916 0.7343236
0.9999811 -0.0016556777 -0.0059210644 -0.0050593982 0.0016330347 0.99999136 -0.0038269465 -0.011901723 0.0059273494 0.0038172049 0.99997514 0.7044699
0.99999446 0.002334213 -0.0023668709 -0.009267083 -0.0023317558 0.9999967 0.0010402884 -0.0132478895 0.0023692914 -0.0010347636 0.99999666 0.8638944
0.99998903 -0.0020937012 -0.0041859904 -0.0036056892 0.0020989238 0.999997 0.0012436864 -0.009017373 0.004183374 -0.0012524589 0.99999046 0.7191134
0.9999822 -0.003987297 -0.0044476786 -0.0009357379 0.004002084 0.99998647 0.0033207426 -0.007098987 0.0044343774 -0.0033384834 0.9999846 0.72441924
0.9999551 -0.0029990114 -0.008985714 -0.011090405 0.0030017481 0.99999547 0.00029109005 -0.0095785195 0.0089848 -0.00031804983 0.9999596 0.84647274
0.9999951 -0.0031352558 4.0153183e-05 0.001843772 0.0031352194 0.9999947 0.00087322673 -0.008888094 -4.289076e-05 -0.0008730966 0.99999964 0.75093067
0.99999017 -0.0030467291 -0.0032197363 -0.0010646395 0.003053317 0.99999326 0.0020432016 -0.008805203 0.0032134894 -0.0020530124 0.9999927 0.7538491
0.99999523 0.0022424078 -0.002137128 -0.007054179 -0.002244595 0.99999696 -0.0010215846 -0.010709644 0.0021348307 0.0010263767 0.9999972 0.6006107
0.9999986 0.00016836489 -0.0016486079 -0.0037957067 -0.00017092995 0.99999875 -0.0015558822 -0.010245121 0.0016483439 0.0015561618 0.99999744 0.6351016
0.9999792 0.0064462363 -5.54803e-05 -0.012555464 -0.0064462884 0.9999787 -0.0009955049 -0.014804277 4.906186e-05 0.0009958419 0.9999995 0.7375226
0.9999876 0.004939208 0.00062433875 -0.009827408 -0.004939794 0.99998736 0.0009415854 -0.01420712 -0.00061968016 -0.00094465783 0.99999934 0.7916667
0.99999493 -0.00020241158 0.0031851782 -1.5167457e-05 0.00019693063 0.9999985 0.0017209864 -0.01354676 -0.0031855218 -0.0017203505 0.99999344 0.9991526
0.9999993 -0.00019865921 0.0011740035 -0.0012947178 0.00019899457 0.99999994 -0.00028554196 -0.011181862 -0.0011739467 0.00028577537 0.9999993 0.721746
0.9999974 -0.0005645532 0.0022283634 -0.00035970157 0.00056759856 0.9999989 -0.0013662414 -0.012911461 -0.0022275897 0.0013675026 0.9999966 0.8641793
0.9999976 -0.0012369052 0.0017964705 0.00034885452 0.0012348412 0.99999857 0.0011495934 -0.01119875 -0.0017978899 -0.0011473722 0.99999774 0.84383196
0.9999997 -0.0007562694 -0.00017483806 -0.002070223 0.00075619156 0.99999964 -0.00044488115 -0.01227306 0.00017517444 0.00044474882 0.9999999 0.8188953
0.99999917 0.0004666929 0.0012071636 -0.0027207222 -0.0004676003 0.9999996 0.0007515087 -0.011497185 -0.0012068123 -0.00075207255 0.999999 0.79931355
0.9999948 -0.003199557 -0.0002733788 0.0012978988 0.0032005599 0.99998784 0.0037500167 -0.008603844 0.00026137708 -0.0037508723 0.9999929 0.83575696
0.9999984 -0.001632012 0.00075846806 -1.30385415e-05 0.0016271482 0.99997836 0.0063695405 -0.0074011367 -0.00076884683 -0.006368296 0.99997944 0.78610986
0.9999994 0.0010396383 -0.00031742756 -0.0054029115 -0.0010381199 0.9999882 0.004746808 -0.010503789 0.00032235877 -0.0047464757 0.9999887 0.87483615
0.9999992 -0.0011461807 -0.00042656876 -0.0013246362 0.0011438318 0.9999844 -0.005466725 -0.012244558 0.00043282798 0.005466233 0.999985 0.7182485
0.99999917 0.0009941132 -0.0008103656 -0.0055674547 -0.0010041603 0.99992144 -0.0124936 -0.016658066 0.0007978819 0.012494404 0.9999216 0.78442204
0.9999908 0.00017108004 0.00427649 0.003111245 -0.00014115176 0.9999755 -0.0069976533 -0.013787136 -0.004277582 0.0069969855 0.9999664 0.7744434
0.9999912 0.0041605174 -0.0006023633 -0.009571002 -0.0041549243 0.9999508 0.009006858 -0.008266513 0.0006398069 -0.009004275 0.99995923 0.672077
0.99999964 -0.0006135515 -0.00053922966 -0.0055141165 0.00061937695 0.99994075 0.010870235 -0.00611964 0.00053252827 -0.010870566 0.99994075 1.2671902
0.99999994 0.00036000245 0.00017989313 -0.0049563786 -0.00036224772 0.99992 0.012641001 -0.004582102 -0.00017532796 -0.012641065 0.99992007 1.0159719
0.99998844 0.0035075785 -0.003298269 -0.011932231 -0.0035184114 0.99998844 -0.0032843172 -0.016531484 0.0032867107 0.0032958838 0.99998915 0.8700041
