0.9999901 0.0005783516 -0.0044097677 -0.0063000745 -0.000587721 0.99999756 -0.0021236981 -0.01233351 0.0044085286 0.002126269 0.999988 0.65388894
0.9999844 -0.000633519 -0.0055476027 -0.0069043073 0.0006316013 0.99999976 -0.000347428 -0.01411083 0.005547821 0.0003439187 0.99998456 0.8117727
0.9999812 0.00023687402 -0.0061254175 -0.008018267 -0.000240363 0.9999998 -0.0005688626 -0.013591166 0.0061252816 0.00057032425 0.9999811 0.74906135
0.9999827 0.00030958108 -0.0058764126 -0.007158367 -0.0003103129 0.99999994 -0.00012362104 -0.012545313 0.0058763744 0.00012544243 0.9999827 0.66774213
0.9999768 -0.000910385 -0.0067478158 -0.0076514482 0.0009163335 0.99999917 0.0008785053 -0.013416456 0.00674701 -0.0008846682 0.9999769 0.8060758
0.99996436 -7.602204e-05 -0.008443518 -0.010655093 8.068113e-05 0.9999998 0.0005514551 -0.014529193 0.008443474 -0.0005521166 0.9999642 0.83768237
0.99997246 4.227837e-05 -0.0074178833 -0.00954466 -3.985991e-05 0.99999994 0.00032617833 -0.014323007 0.0074178968 -0.0003258737 0.99997246 0.81349677
0.99999684 -0.0005921595 -0.0024398093 -0.004249972 0.0005954256 0.9999989 0.0013381724 -0.014248678 0.0024390141 -0.0013396208 0.9999961 0.8803379
0.999992 -0.0005780896 -0.0039521987 -0.0066233957 0.0005871796 0.9999972 0.0022992124 -0.014849509 0.0039508585 -0.0023015146 0.99998957 0.9823565
0.99999356 -0.0016052057 -0.003205938 -0.0038252696 0.0016135551 0.9999953 0.00260348 -0.012955775 0.0032017438 -0.0026086362 0.9999915 0.8838547
0.99998724 0.00097663 -0.0049514147 -0.011194554 -0.00097256823 0.99999917 0.00082267367 -0.01542772 0.004952214 -0.0008178476 0.9999874 1.0044287
0.9999982 -0.0012959562 -0.0013656622 -0.002542007 0.0012971353 0.9999988 0.0008628456 -0.014327717 0.0013645424 -0.00086461555 0.9999987 0.9329101
0.99999887 -0.0010746956 -0.0010497612 -0.0026003572 0.0010746821 0.9999994 -1.34621e-05 -0.0146601815 0.001049775 1.2333924e-05 0.99999946 0.94813985
0.9999991 0.001125967 -0.0006858882 -0.0053466833 -0.001125067 0.9999985 0.0013111761 -0.015178843 0.00068736356 -0.0013104033 0.9999989 0.9568256
0.99999887 -0.00064765767 -0.0013464566 -0.0033738755 0.0006492651 0.9999991 0.0011937264 -0.01519807 0.0013456822 -0.0011945993 0.9999984 0.96077204
0.9999956 0.0009194057 -0.0028144368 -0.0068894722 -0.00092462706 0.99999785 -0.001854449 -0.015666459 0.0028127257 0.0018570432 0.99999434 0.88726604
0.9999993 -0.0010200555 -0.00061971997 -0.0021041909 0.0010191979 0.9999985 -0.0013826262 -0.0144826025 0.0006211294 0.0013819936 0.99999887 0.90269357
0.9999979 0.001730497 -0.0010591188 -0.006480357 -0.0017302057 0.99999845 0.0002758982 -0.016627368 0.0010595947 -0.00027406513 0.9999994 0.97365946
0.9999955 0.0006478983 -0.0029174888 -0.0073629273 -0.00064230023 0.999998 0.001919313 -0.016282922 0.0029187263 -0.0019174304 0.9999939 1.0299647
0.9999987 -0.0011615481 -0.001140045 -0.0027137771 0.0011635096 0.99999785 0.0017213392 -0.014294051 0.0011380431 -0.0017226633 0.99999785 0.977486
0.9999983 -0.00089321414 -0.0016342435 -0.0035579607 0.00089671544 0.9999973 0.0021429728 -0.01435584 0.001632325 -0.0021444345 0.99999636 0.96982217
0.9999991 -0.0013210261 -0.00021615926 -0.0012353116 0.0013211682 0.9999989 0.0006582974 -0.013663207 0.0002152894 -0.0006585824 0.99999976 0.90536976
0.9999956 -0.0011246067 -0.0027405124 -0.0038132619 0.0011256341 0.9999993 0.0003733954 -0.01309524 0.0027400907 -0.00037647857 0.9999962 0.83912486
0.9999985 -0.0012952907 -0.0011626716 -0.0023184682 0.001295908 0.99999905 0.0005303961 -0.013876999 0.0011619834 -0.000531902 0.99999917 0.9159805
0.99999934 -0.000962194 -0.0006248147 -0.0018807213 0.0009634985 0.9999974 0.0020909137 -0.012197474 0.0006228012 -0.0020915142 0.9999976 0.8085033
0.9999993 -0.0009167382 -0.0007746686 -0.0028899773 0.0009191697 0.99999464 0.0031442859 -0.014886847 0.0007717819 -0.0031449955 0.99999475 1.062808
0.99999857 0.0016917982 0.0002165313 -0.0058069886 -0.0016926097 0.99999136 0.0038046758 -0.017206775 -0.00021009268 -0.0038050367 0.9999927 1.2282393
0.9999968 0.002226694 0.0012147609 -0.00496897 -0.002229918 0.999994 0.002659282 -0.017398015 -0.0012088323 -0.0026619823 0.9999957 1.1400943
0.9999988 -0.001527942 0.00028757539 -0.0010806192 0.0015277757 0.9999987 0.00057787664 -0.018378627 -0.00028845796 -0.0005774366 0.9999998 1.222787
0.9999988 -0.0013317548 0.00075618236 -0.00071159063 0.0013335727 0.9999962 -0.0024084828 -0.019232254 -0.000752972 0.0024094884 0.99999684 1.162724
0.99999946 -0.0008224563 0.0006516664 -0.0014883932 0.0008248793 0.9999927 -0.0037265823 -0.019334005 -0.00064859673 0.0037271178 0.99999285 1.1235813
0.9999971 -0.0022394815 0.0009303173 0.0008023266 0.002241888 0.9999941 -0.0025938374 -0.01755325 -0.000924503 0.0025959155 0.9999962 1.0711209
0.9999983 -0.0018528715 0.00025512022 -0.00043742263 0.0018523015 0.9999958 0.0022162637 -0.014466797 -0.0002592256 -0.0022157873 0.9999975 1.0597425
0.9999864 -0.005030134 -0.0013731868 0.0021532036 0.0050375056 0.99997264 0.005418503 -0.01042947 0.0013458935 -0.005425347 0.9999844 0.9402325
0.999995 -0.0031304269 -0.00045135478 5.549107e-05 0.0031319552 0.9999892 0.0034262652 -0.015639592 0.00044062425 -0.0034276617 0.99999404 1.2062297
0.9999893 -0.004625891 4.2546304e-05 0.0025318838 0.0046259216 0.99998903 -0.00074893434 -0.0182316 -3.908135e-05 0.0007491231 0.9999997 1.2004666
0.9999964 -0.0024443446 -0.0010759784 -0.0013558501 0.002440559 0.9999909 -0.0035055396 -0.01855087 0.0010845374 0.0035029012 0.99999326 1.0688082
0.99999523 -0.0028001044 -0.0013045032 -0.0014357917 0.0027963452 0.99999195 -0.0028747902 -0.019735184 0.0013125425 0.0028711287 0.999995 1.1464589
0.9999984 0.000889117 -0.0015763377 -0.006773266 -0.00088786613 0.9999993 0.0007940648 -0.018920671 0.0015770426 -0.0007926639 0.99999845 1.1655542
0.99999225 0.0038191525 -0.0009449546 -0.009845473 -0.003817056 0.9999903 0.0022105558 -0.018545268 0.0009533879 -0.0022069318 0.99999714 1.1247777
0.9999859 0.0052194404 -0.00097496633 -0.011812144 -0.005217942 0.9999852 0.0015329912 -0.019980319 0.0009829532 -0.0015278823 0.99999833 1.1154886
0.99999446 0.0031040523 -0.0012131202 -0.0088743195 -0.0031024672 0.99999434 0.0013063141 -0.018468257 0.0012171682 -0.0013025432 0.9999984 1.0736865
0.99999356 0.0035471132 -0.00051385554 -0.009019278 -0.0035457218 0.9999901 0.0026838742 -0.018144492 0.00052337046 -0.002682035 0.99999624 1.1394053
0.9999885 0.0045268633 0.0015995841 -0.007939314 -0.004533179 0.9999819 0.0039670346 -0.018470956 -0.0015815969 -0.00397424 0.9999909 1.2508048
0.99999195 0.0038646432 -0.0010766006 -0.009786843 -0.003860746 0.99998605 0.0035987198 -0.01567935 0.0010904934 -0.0035945342 0.99999297 0.9829193
0.99999917 -0.0012786246 -0.00015002656 -0.0015481749 0.0012785979 0.99999917 -0.0001785338 -0.016116066 0.00015025471 0.00017834183 1.0 1.0340122
0.9999992 -0.0011470318 -0.00050417625 -0.0022130397 0.0011468811 0.9999993 -0.00029914358 -0.017134245 0.00050451903 0.0002985651 0.9999998 1.0735174
0.9999994 -0.0010449741 0.00030415299 -0.0014977303 0.0010449557 0.99999946 6.0449467e-05 -0.017124845 -0.000304216 -6.0131602e-05 0.99999994 1.1190112
0.9999993 0.0012049117 -1.0972325e-05 -0.005013478 -0.0012049108 0.9999993 8.0198886e-05 -0.017973654 1.106895e-05 -8.018561e-05 1.0 1.1076752
0.9999996 -0.0007940337 -0.00047658637 -0.0026883113 0.0007944336 0.99999934 0.000839565 -0.016220689 0.00047591943 -0.00083994324 0.9999995 1.0712272
0.99999756 -0.0019850607 -0.0009996486 -0.0013116685 0.0019865741 0.9999969 0.0015151125 -0.015432029 0.0009966379 -0.0015170947 0.99999833 0.98598754
0.99999976 -0.0006682574 -9.825999e-05 -0.0026417612 0.0006679406 0.9999947 -0.003190217 -0.01920485 0.00010039136 0.0031901507 0.99999493 1.1132042
0.9999991 -0.0012927263 -0.00026812052 -0.0016636254 0.0012914602 0.99998826 -0.0046693385 -0.0169154 0.00027415354 0.004668988 0.9999891 0.9670791
0.99999857 -0.0013826742 -0.0010007438 -0.0025862907 0.0013832856 0.99999887 0.0006104893 -0.017018773 0.0009998986 -0.0006118727 0.9999993 1.1015037
0.9999981 -0.0017135189 -0.00095607125 -0.0021907398 0.001717456 0.99999 0.0041326117 -0.01383852 0.00094898033 -0.0041342457 0.999991 1.0803403
0.9999985 -0.0016531375 -0.00045436205 -0.0012901345 0.0016545 0.9999941 0.0030148814 -0.014033549 0.00044937537 -0.0030156288 0.99999535 1.0076779
0.9999991 -0.0011401952 -0.0007208501 -0.0028303235 0.0011403527 0.99999934 0.00021821377 -0.0183949 0.0007206008 -0.00021903559 0.9999997 1.1845077
0.99999946 -0.0010135851 -0.00019357947 -0.001720871 0.0010134144 0.9999991 -0.00088018354 -0.015424531 0.00019447145 0.00087998685 0.9999996 0.95173323
0.9999989 -0.0014422162 8.065514e-05 -0.0010031878 0.0014423474 0.9999976 -0.0016513084 -0.016359372 -7.82734e-05 0.0016514229 0.9999986 0.9961465
0.9999988 -0.0015600553 -2.08543e-05 -0.00068867754 0.0015600779 0.99999815 0.0011316385 -0.01569472 1.9088842e-05 -0.0011316697 0.99999934 0.9730031
0.9999978 -0.0020779315 0.00030418087 0.00014881851 0.0020772966 0.9999957 0.0020726537 -0.015505681 -0.00030848637 -0.0020720174 0.9999978 1.0430437
0.99999934 0.0010569481 -0.00039568648 -0.00554387 -0.0010548915 0.9999861 0.005161973 -0.014090769 0.00040113693 -0.0051615527 0.9999866 1.0786315
0.9999997 -0.00075800065 -3.8818416e-05 -0.0019453223 0.00075808313 0.9999974 0.0021713153 -0.0151467435 3.7172453e-05 -0.0021713441 0.9999976 1.0084255
0.99999785 -0.0020314846 -0.0004577226 -0.00067475374 0.0020298776 0.9999919 -0.0034846815 -0.015670972 0.00046479795 0.0034837448 0.9999938 0.9105336
0.99999887 -0.00091110135 -0.0011873676 -0.0036469568 0.0009011485 0.99996465 -0.008356075 -0.019070134 0.0011949389 0.008354995 0.99996436 1.0015792
0.9999982 -0.0015706604 -0.0010754586 -0.0019678588 0.0015655733 0.99998766 -0.004714781 -0.015764697 0.0010828506 0.0047130887 0.9999883 0.8830658
0.99999744 0.0019581479 -0.0011111349 -0.00647846 -0.0019558137 0.9999959 0.0020978437 -0.014499906 0.0011152382 -0.002095665 0.9999972 0.85629255
0.9999968 0.0022460972 -0.0011732815 -0.0072612967 -0.002243348 0.99999475 0.0023392746 -0.01544672 0.0011785295 -0.002336635 0.9999966 0.9213209
0.99999404 0.0029131204 -0.001854489 -0.008783791 -0.0029095958 0.999994 0.0019004506 -0.015795518 0.001860014 -0.0018950434 0.9999965 0.90268266
0.9999952 -0.0020711005 -0.0023209942 -0.0021789588 0.0020720235 0.9999978 0.0003952802 -0.014165397 0.0023201704 -0.00040008745 0.9999972 0.8637071
0.9999982 0.0009463144 -0.0016517156 -0.0063104853 -0.0009446338 0.99999905 0.0010179613 -0.017834764 0.0016526774 -0.0010163992 0.9999981 1.0245072
0.99999607 -0.00170525 -0.002231334 -0.002553591 0.0017091087 0.999997 0.001728562 -0.013654044 0.00222838 -0.0017323688 0.999996 0.8680433
0.99999744 -0.0006925739 -0.0021621124 -0.0037436348 0.00069460337 0.99999934 0.0009380573 -0.014622086 0.0021614612 -0.0009395567 0.9999972 0.83153754
1.0 0.0001746138 -0.00016149486 -0.0026084497 -0.0001745267 0.9999998 0.00053918187 -0.013209055 0.00016158898 -0.0005391537 0.9999998 0.7273978
0.9999822 0.0058493284 -0.0011859032 -0.01188152 -0.0058470406 0.99998105 0.0019237186 -0.015835764 0.0011971332 -0.0019167503 0.99999744 0.8209348
0.9999937 0.0030914508 -0.0017389411 -0.008554502 -0.0030852363 0.9999889 0.0035651766 -0.013002333 0.0017499434 -0.0035597892 0.99999213 0.76689655
0.99999595 0.0027126663 -0.0008425812 -0.007344127 -0.0027108632 0.99999404 0.0021336994 -0.015073362 0.0008483642 -0.0021314067 0.9999974 0.87846076
0.9999941 0.0027589484 -0.0020499208 -0.008088766 -0.0027648443 0.999992 -0.0028789318 -0.014760528 0.0020419618 0.0028845824 0.99999374 0.70257455
0.9999978 -0.00063937524 -0.001994229 -0.004696253 0.000622969 0.999966 -0.008216655 -0.017570965 0.0019994148 0.008215395 0.99996424 0.8460704
0.99999344 -0.0026999041 -0.0024114656 -0.0010250028 0.0026871476 0.9999825 -0.0052776663 -0.012503356 0.0024256725 0.0052711517 0.9999832 0.65665466
0.9999957 -0.0010000825 -0.002754115 -0.0031752242 0.0009963004 0.99999857 -0.0013742707 -0.012834085 0.0027554852 0.0013715208 0.9999953 0.6774305
0.99999857 0.00059404975 -0.0015708862 -0.0049004904 -0.0005869298 0.99998957 0.004529044 -0.011043798 0.0015735603 -0.0045281155 0.9999885 0.72962207
0.9999985 0.00017533457 -0.0017052151 -0.004099736 -0.00017163847 0.9999976 0.0021674375 -0.012261354 0.0017055911 -0.0021671415 0.9999962 0.7191431
0.99999535 -0.0027164738 -0.0013962032 0.0002793444 0.0027124423 0.9999922 -0.002881379 -0.011341671 0.0014040194 0.0028775786 0.9999949 0.650777
0.99999017 -0.004410692 0.000409111 0.003868166 0.004412746 0.99997693 -0.0051639737 -0.0092242425 -0.00038632486 0.0051657283 0.9999866 0.5800702
0.9999981 -0.0019495516 0.00015858759 0.0005162042 0.0019500745 0.99999243 -0.0033661744 -0.010552072 -0.00015202386 0.003366477 0.99999434 0.6127624
0.99998707 0.0037290535 0.0034655058 -0.0045121773 -0.0037292545 0.999993 5.1530806e-05 -0.012686417 -0.0034652895 -6.445389e-05 0.999994 0.6430366
0.9999858 0.004147365 0.0033430245 -0.0054162 -0.004160046 0.99998415 0.003795199 -0.012713644 -0.0033272314 -0.0038090525 0.9999872 0.7175621
0.99998766 -0.0007049571 0.0049114195 0.0025186865 0.0006779714 0.9999847 0.005493989 -0.009632596 -0.0049152174 -0.0054905917 0.9999728 0.71536815
0.9999798 0.00090159633 0.006293771 0.0016754258 -0.00094407453 0.99997675 0.0067495448 -0.009077286 -0.0062875394 -0.00675535 0.99995744 0.6489071
0.999972 -0.0035195155 0.0066017746 0.007383944 0.0034943877 0.99998665 0.0038138966 -0.007830876 -0.0066151093 -0.0037907206 0.9999709 0.54837745
0.9999627 0.003524065 0.0078887725 -0.0016959365 -0.0035301328 0.9999935 0.0007553792 -0.009861513 -0.00788606 -0.00078319944 0.9999686 0.4794414
0.99995387 0.0029528858 0.009143225 0.0004129538 -0.0029639415 0.9999949 0.0011958575 -0.010611174 -0.009139647 -0.0012229023 0.9999575 0.5621332
0.99992913 0.0036225542 0.01134053 0.0021829682 -0.003641886 0.99999195 0.0016844684 -0.01237578 -0.011334336 -0.0017256499 0.99993426 0.6983768
0.99987084 -0.0005148081 0.016064243 0.013612322 0.00049122714 0.9999988 0.0014718311 -0.008519618 -0.016064981 -0.0014637498 0.9998699 0.54902744
0.9997634 -0.001922731 0.02166446 0.023733463 0.0018830867 0.99999654 0.001850176 -0.009037294 -0.02166794 -0.0018089423 0.9997636 0.68274343
0.99948215 -0.0015494323 0.032140683 0.03547948 0.0014871798 0.99999696 0.001960694 -0.0077806236 -0.032143623 -0.0019118799 0.99948144 0.61139697
0.9994776 -0.0014562249 0.032285314 0.033003837 0.0014294654 0.9999986 0.0008519119 -0.0062703863 -0.03228651 -0.00080531614 0.99947834 0.4973892
0.99919486 0.003115926 0.03999858 0.038659718 -0.0031561663 0.9999946 0.0009429428 -0.009552823 -0.039995424 -0.0010684258 0.9991993 0.6160058
0.99873614 -0.0018131627 0.050228186 0.054809578 0.0018067918 0.99999833 0.0001722447 -0.005180155 -0.050228413 -8.127513e-05 0.99873775 0.5225512
0.99871874 -0.00077348494 0.05059887 0.044916674 0.00090257014 0.9999964 -0.0025283482 -0.0014808613 -0.050596733 0.0025707777 0.9987159 0.30386278
0.9987917 -0.0010539404 0.049132515 0.04680541 0.0011004346 0.999999 -0.00091926137 -0.0032130117 -0.049131494 0.00097221776 0.9987919 0.37658152
0.9984476 -0.0008395275 0.055692427 0.050659735 0.0009585055 0.9999973 -0.0021096629 -0.0015935048 -0.05569051 0.0021597694 0.99844575 0.32210684
0.9983209 -0.00084442087 0.057919413 0.05446093 0.0010453962 0.99999356 -0.0034397014 -0.0014014879 -0.057916135 0.0034944746 0.99831533 0.35833868
0.99823093 -0.0010136256 0.059447438 0.057720836 0.0011294122 0.99999756 -0.0019141455 -0.0023105117 -0.05944535 0.0019779 0.9982296 0.38754338
0.9981449 -0.0007127551 0.060878973 0.05160774 0.00077189796 0.9999992 -0.000947971 -0.0008098957 -0.06087825 0.0009932048 0.9981447 0.24402854
0.9981279 -0.0008407023 0.06115623 0.055604614 0.0009496346 0.99999803 -0.0017521693 -0.0013138457 -0.061154634 0.0018069651 0.9981267 0.3154738
0.99822164 -0.0013259498 0.059596676 0.061737284 0.0013117407 0.9999991 0.00027754152 -0.0038801813 -0.059596993 -0.00019887257 0.9982225 0.4554871
0.99824667 -0.0020029822 0.059157476 0.05737091 0.0021417083 0.9999951 -0.0022817182 -0.0016912856 -0.059152614 0.0024044157 0.9982461 0.3584297
0.99816334 -0.0018703858 0.060551543 0.067079514 0.0018878193 0.9999982 -0.0002307033 -0.004454424 -0.060551003 0.00034458993 0.9981651 0.5267753
0.99817425 -0.0011762133 0.060388893 0.0614087 0.0012583581 0.99999833 -0.0013222534 -0.0031030122 -0.06038724 0.0013958301 0.9981741 0.43709987
0.9980966 -0.00062553707 0.061666638 0.051575124 0.0007409134 0.99999803 -0.0018481192 -0.0001445577 -0.06166536 0.0018902911 0.9980951 0.23289716
0.99803317 -0.0014116119 0.062671944 0.06619756 0.0013595724 0.9999987 0.0008729852 -0.004055721 -0.0626731 -0.0007860612 0.9980338 0.4736237
0.99829763 -0.0011844352 0.058313023 0.05937305 0.0012666677 0.9999983 -0.0013732483 -0.0032718573 -0.058311295 0.0014447737 0.9982974 0.44116056
0.9983367 -0.0015486714 0.057632156 0.06579275 0.00162429 0.99999785 -0.0012652696 -0.005142622 -0.057630073 0.0013567763 0.9983371 0.5825403
0.9989555 0.0010008395 0.045682468 0.041894224 -0.0009902358 0.99999946 -0.00025474734 -0.005275658 -0.0456827 0.00020924486 0.99895597 0.4191671
0.9989705 -0.0012151116 0.045348037 0.047229465 0.0013733618 0.9999931 -0.0034586878 -0.004269519 -0.045343522 0.0035174063 0.99896526 0.49725255
0.99875355 -0.0046039065 0.049700603 0.053068127 0.004498605 0.9999874 0.00223037 -0.0042358004 -0.049710248 -0.0020040064 0.99876165 0.3908865
0.99929655 -0.0009568869 0.037490524 0.033510767 0.0008773127 0.9999973 0.0021389094 -0.0046780575 -0.03749247 -0.0021045138 0.9992947 0.3193933
0.9994015 0.005491127 0.034154065 0.025396891 -0.0053572594 0.9999776 -0.0040098024 -0.008364967 -0.03417532 0.0038244303 0.99940854 0.5182221
0.9993325 0.0077860476 0.03569209 0.023875076 -0.0076236394 0.99995995 -0.004684095 -0.009161002 -0.03572713 0.004408865 0.99935186 0.51881677
0.99954194 0.00012585527 0.030263413 0.030594429 -8.955179e-05 0.9999993 -0.0012009353 -0.008176979 -0.030263541 0.0011976751 0.9995412 0.61410034
0.99962175 -0.0016729711 0.027451437 0.030047696 0.0017340577 0.99999607 -0.0022016044 -0.007748526 -0.027447646 0.002248374 0.99962074 0.6422343
0.9995641 -0.0017258325 0.029472867 0.033172578 0.0017969107 0.9999955 -0.0023853304 -0.007946185 -0.029468618 0.0024372507 0.99956274 0.6676477
0.99967194 -0.0013984218 0.025574554 0.026362868 0.0015445789 0.9999826 -0.005696079 -0.0066828714 -0.025566142 0.0057337126 0.9996567 0.598118
0.9997199 -0.0027700663 0.023502257 0.025636114 0.0028627054 0.99998826 -0.0039089853 -0.006798847 -0.023491153 0.00397517 0.99971616 0.5823099
0.9997622 -0.0010533646 0.02178194 0.019078253 0.0010828197 0.9999985 -0.0013405205 -0.004848045 -0.021780496 0.0013637877 0.9997618 0.37895828
0.9998187 -0.0014500192 0.018988213 0.017817603 0.0014015811 0.9999957 0.002564014 -0.00732703 -0.018991848 -0.0025369355 0.9998164 0.4671746
0.9998392 -0.0013981033 0.0178799 0.016392095 0.0013562284 0.9999963 0.0023539243 -0.0071868314 -0.017883126 -0.0023292964 0.9998374 0.45077482
0.99991095 -0.0017392511 0.013231391 0.012156549 0.0017154736 0.9999969 0.0018081832 -0.008733994 -0.013234495 -0.001785324 0.99991083 0.59669447
0.9998983 -0.0015273868 0.014179145 0.012710644 0.0015174418 0.99999857 0.00071211834 -0.007772531 -0.014180213 -0.0006905299 0.9998992 0.5305792
0.99995726 -0.0012544834 0.009158167 0.006475332 0.0012630161 0.99999875 -0.0009259974 -0.0066938763 -0.009156994 0.0009375247 0.9999576 0.44846162
0.99997425 0.00035837953 0.007165788 0.0020634418 -0.00035514878 0.9999998 -0.0004521261 -0.007669311 -0.0071659493 0.00044956958 0.99997425 0.4449053
0.9999838 -0.00029630723 0.005686626 0.0024521563 0.00029518153 0.99999994 0.00019879322 -0.009005619 -0.005686684 -0.0001971114 0.9999838 0.53134984
0.9999882 -0.0014500461 0.0046367506 0.0037900407 0.0014519942 0.99999887 -0.00041680955 -0.01212878 -0.004636141 0.00042353716 0.99998915 0.76912284
0.99997365 -0.0012298392 0.007151648 0.004528286 0.0012425281 0.9999977 -0.0017700992 -0.008664227 -0.007149454 0.0017789387 0.9999729 0.54853827
0.9999878 -6.4057516e-05 0.00494005 0.0019844307 5.9562466e-05 0.9999996 0.0009100621 -0.012081481 -0.0049401065 -0.00090975675 0.99998736 0.70374876
0.99999547 -0.00013244146 0.0030084823 0.00044563893 0.00013316516 0.99999994 -0.0002403538 -0.010064967 -0.0030084501 0.00024075333 0.99999547 0.570009
0.99999106 -0.00076235016 0.0041537015 0.002306838 0.00076001347 0.9999995 0.0005641045 -0.011488371 -0.00415413 -0.00056094263 0.99999124 0.68704104
0.9999919 -0.0019317222 0.0035253079 0.003355005 0.0019321204 0.99999815 -0.00010959073 -0.011315148 -0.0035250897 0.00011640116 0.9999938 0.6974512
0.9999969 -0.0024174969 0.00057399063 0.001366419 0.002416816 0.99999636 0.0011840839 -0.013570047 -0.0005768511 -0.0011826929 0.9999991 0.8240355
0.99999505 -0.0023245728 -0.0021186701 -0.00087799836 0.0023259043 0.9999971 0.00062623835 -0.011754479 0.0021172082 -0.0006311631 0.99999756 0.697127
0.99999535 0.0020193509 -0.0022865208 -0.006692107 -0.00202008 0.9999979 -0.0003166727 -0.012389315 0.0022858765 0.00032129016 0.9999973 0.6436784
0.9999951 -0.0007215196 -0.0030331232 -0.0038425454 0.00072153046 0.99999976 2.4960468e-06 -0.011887524 0.0030331207 -4.6845257e-06 0.9999954 0.70323217
0.9999944 9.761464e-05 -0.0033394103 -0.005286385 -9.5407944e-05 0.99999976 0.00066095777 -0.013236682 0.003339474 -0.0006606355 0.9999942 0.7354144
0.9999913 -0.0013372829 -0.00395293 -0.004261654 0.0013444289 0.99999744 0.0018056552 -0.0120324 0.0039505055 -0.0018109538 0.9999906 0.7750382
0.9999913 0.00081203465 -0.0040960824 -0.0067116795 -0.0008055916 0.99999845 0.0015743828 -0.011746575 0.004097354 -0.0015710694 0.99999034 0.67100286
0.99998945 0.0031529518 -0.0033440287 -0.01074186 -0.0031462647 0.999993 0.0020031198 -0.015828395 0.0033503212 -0.0019925775 0.99999243 0.9131459
0.9999762 0.006742925 -0.0014603253 -0.012890783 -0.006741453 0.99997675 0.0010104737 -0.014651683 0.0014671049 -0.0010006049 0.99999845 0.68998027
0.99999064 0.002915772 -0.0032008304 -0.009328598 -0.0029154823 0.99999577 9.515425e-05 -0.015649376 0.0032010942 -8.582139e-05 0.9999949 0.77153635
0.99999744 0.0022472641 -0.00030910244 -0.006091589 -0.002248218 0.9999926 -0.003121032 -0.01552777 0.00030208638 0.003121719 0.99999505 0.8204373
0.9999836 0.0057180044 0.00028491914 -0.010331763 -0.005716977 0.9999776 -0.0034837923 -0.016465813 -0.00030483308 0.0034821064 0.9999939 0.79347754
0.99999905 0.001360796 0.00010710138 -0.004199856 -0.0013605068 0.9999955 -0.002655492 -0.013515511 -0.000110714485 0.0026553439 0.9999965 0.73336643
0.9999922 0.0037994203 -0.0010598672 -0.008582386 -0.0037984557 0.9999924 0.00091076834 -0.015068805 0.0010633196 -0.00090673537 0.99999905 0.7580867
0.9999946 0.0031292841 -0.0010283875 -0.008236395 -0.0031271302 0.9999929 0.0020895195 -0.015743012 0.0010349188 -0.0020862923 0.9999973 0.8913618
0.9999982 0.0018797739 -0.000116105366 -0.0050406503 -0.0018795757 0.99999684 0.0016842041 -0.012879821 0.00011927092 -0.0016839829 0.99999857 0.7276459
0.99999696 0.0023256647 -0.0008472844 -0.0066560046 -0.0023248065 0.9999968 0.0010123339 -0.01569971 0.00084963604 -0.001010361 0.9999991 0.8561878
0.9999932 0.0035503148 0.0010023167 -0.006465174 -0.0035503507 0.9999937 3.400174e-05 -0.015291792 -0.0010021897 -3.7560083e-05 0.9999995 0.7796781
0.9999856 0.0053450507 0.00053142605 -0.009498601 -0.0053452365 0.99998564 0.00034911474 -0.016892385 -0.00052955234 -0.0003519503 0.9999998 0.8414282
0.99998707 0.0050377646 0.00072808703 -0.009059722 -0.005036788 0.9999864 -0.0013369216 -0.0176431 -0.00073481223 0.001333237 0.99999887 0.89247394
0.9999857 0.0042510564 0.0032520336 -0.0052725757 -0.0042541865 0.9999905 0.00095619896 -0.015145314 -0.0032479377 -0.00097002 0.9999943 0.7969855
0.9999786 0.0038098681 0.005313682 -0.0030375484 -0.0038112148 0.9999927 0.00024334551 -0.013352575 -0.005312716 -0.00026359188 0.9999859 0.70677584
0.9999852 0.0033907697 0.0042532054 -0.003430329 -0.0034038532 0.9999895 0.0030726981 -0.012871023 -0.004242742 -0.00308713 0.99998623 0.7261282
0.9999915 0.0022005502 0.00349346 -0.0024406486 -0.0022123673 0.99999183 0.0033823808 -0.012936156 -0.0034859881 -0.0033900808 0.9999882 0.8068084
0.99995935 0.0014542061 0.008897549 0.0039996565 -0.0014618466 0.99999857 0.0008522881 -0.013385609 -0.008896296 -0.0008652603 0.99996006 0.8271016
0.9999507 0.001981154 0.009730184 0.0038037165 -0.0019786737 0.99999803 -0.00026452745 -0.013582546 -0.009730689 0.00024526156 0.9999526 0.81093127
0.9999572 -0.001610062 0.009112718 0.007937852 0.0016135845 0.9999986 -0.0003792151 -0.010954168 -0.0091120945 0.000393903 0.9999584 0.75433564
0.99993813 -0.0018886231 0.010963879 0.009887851 0.0018855316 0.99999815 0.00029230272 -0.010436265 -0.01096441 -0.0002716119 0.99993986 0.74453473
0.9999276 0.0018505545 0.011894018 0.0054389895 -0.0018596053 0.999998 0.00074994203 -0.011945069 -0.0118926065 -0.0007720059 0.999929 0.73842293
0.9999413 -0.0019103357 0.010663913 0.009361958 0.0019009296 0.9999978 0.0008921098 -0.009946845 -0.010665593 -0.00087178615 0.9999427 0.70373654
0.99992985 -0.000830674 0.011817874 0.009126862 0.0008307125 0.99999964 1.6557551e-06 -0.010765999 -0.011817872 8.161618e-06 0.99993014 0.7436191
0.9999144 -0.0019319548 0.012940849 0.014166633 0.0019563073 0.99999636 -0.0018694395 -0.01307664 -0.01293719 0.0018945958 0.9999145 0.9286713
0.99995345 -0.0009173328 0.009603116 0.0068451366 0.0009329816 0.9999983 -0.0016252005 -0.010088856 -0.009601608 0.0016340844 0.99995255 0.6853843
0.9999464 -0.0017165947 0.010207503 0.008109174 0.0017327075 0.99999726 -0.0015698894 -0.008948944 -0.01020478 0.001587492 0.99994665 0.64163184
0.9999646 -0.0003987776 0.00840728 0.005947151 0.00041337227 0.9999984 -0.0017342889 -0.012620444 -0.008406575 0.0017377029 0.99996316 0.81990135
0.99994206 0.0036537352 0.010123996 0.0016720765 -0.003652787 0.9999933 -0.00011214584 -0.013569553 -0.010124339 7.515855e-05 0.99994874 0.7794727
0.99997014 -0.0013932338 0.0075976104 0.0063846437 0.0013930505 0.99999905 2.9410106e-05 -0.011420178 -0.007597644 -1.8825374e-05 0.99997115 0.76333857
0.99996644 -0.0026224707 0.0077637294 0.008875222 0.002601943 0.9999931 0.0026529785 -0.009783928 -0.0077706333 -0.0026326887 0.9999663 0.74952286
0.99997497 -0.0017933762 0.0068448805 0.00663184 0.0017808874 0.9999967 0.0018301986 -0.012068686 -0.0068481406 -0.0018179629 0.9999749 0.8477739
0.999991 -0.0023852151 0.0035092866 0.003985416 0.0023746686 0.99999267 0.0030064564 -0.0108651 -0.003516432 -0.002998096 0.99998933 0.801773
0.9999966 -0.0010846709 0.002363645 0.0011252427 0.0010769155 0.99999404 0.0032799118 -0.012403065 -0.0023671885 -0.0032773553 0.99999183 0.87316847
0.99999815 -0.00131677 0.0013908661 0.0006556742 0.0013147492 0.9999981 0.0014528047 -0.012058038 -0.0013927764 -0.0014509733 0.999998 0.78723633
0.9999984 0.0016011023 0.0008003341 -0.0039251014 -0.001601661 0.99999845 0.00069787365 -0.013974115 -0.0007992155 -0.0006991544 0.99999946 0.8016937
0.99999905 -0.0013758786 0.00010845379 -0.00047667447 0.0013760134 0.9999983 -0.0012531275 -0.012940753 -0.00010672944 0.0012532755 0.9999992 0.77154356
0.99999845 -0.00021948072 -0.0017633042 -0.004131645 0.00021670933 0.99999875 -0.0015717354 -0.015346359 0.0017636471 0.0015713507 0.9999972 0.85625
0.9999924 -0.0018021435 -0.0034734174 -0.003565403 0.0017962602 0.99999696 -0.0016961793 -0.014912357 0.0034764635 0.0016899271 0.99999255 0.8375321
0.99999136 0.0003183337 -0.0041469117 -0.0076303715 -0.0003164599 0.9999998 0.0004525088 -0.014617891 0.004147055 -0.00045119255 0.9999913 0.8998612
0.99996567 -0.0010543676 -0.008221976 -0.007874804 0.0010533454 0.99999946 -0.00012865136 -0.0092642885 0.008222107 0.00011998636 0.9999662 0.5772726
0.99993455 0.005047253 -0.010265251 -0.020733733 -0.0050508147 0.9999872 -0.0003211055 -0.011145387 0.010263499 0.00037293238 0.99994725 0.6096962
0.99996644 -0.001374836 -0.0080791265 -0.0074746 0.0013786627 0.9999989 0.00046810374 -0.011974159 0.008078475 -0.0004792264 0.9999673 0.6869027
0.9999269 -0.001264317 -0.012022847 -0.014245416 0.0012220978 0.9999931 -0.0035182796 -0.008464452 0.0120272115 0.0035033296 0.99992156 0.59126604
0.99967945 0.006604714 -0.02444057 -0.037244488 -0.006694135 0.9999712 -0.0035786987 -0.009585924 0.024416229 0.00374116 0.9996949 0.536392
0.9996423 0.00015356718 -0.026743192 -0.029231237 -0.00024220847 0.9999945 -0.0033113288 -0.0075139627 0.026742537 0.0033166218 0.9996368 0.50237405
0.9995718 -0.0029829477 -0.029107934 -0.024286913 0.0029505007 0.999995 -0.0011575947 -0.0046065804 0.029111242 0.0010712161 0.9995756 0.44308427
0.999639 -0.00062562973 -0.026861252 -0.025659384 0.0006728295 0.9999983 0.0017481671 -0.005532847 0.02686011 -0.001765609 0.99963766 0.49168232
0.99930304 -0.00013174262 -0.03732853 -0.039110236 0.00018779423 0.99999887 0.001498073 -0.0048009474 0.03732829 -0.001504039 0.9993019 0.54123706
0.99905723 0.0003565587 -0.043411445 -0.051614832 -0.00024220506 0.9999965 0.002639413 -0.005077122 0.043412235 -0.0026264102 0.9990538 0.68523085
0.99881965 -0.0012303398 -0.048556887 -0.047473144 0.0014446091 0.9999894 0.004377902 -0.001717683 0.048550986 -0.0044428804 0.9988108 0.4840379
0.9988521 0.007001502 -0.047387403 -0.06113549 -0.006983015 0.99997544 0.0005556554 -0.0060997303 0.047390133 -0.00022411055 0.99887645 0.55511546
0.9984982 -0.001852208 -0.054753527 -0.058887243 0.0019407565 0.9999969 0.0015640917 -0.0013153112 0.05475046 -0.001668006 0.9984987 0.6171388
0.9983631 -6.0904335e-06 -0.057193853 -0.07132446 6.551797e-05 0.99999946 0.0010371794 -0.00379522 0.057193816 -0.0010392289 0.99836254 0.7432945
0.9980469 -0.00075414503 -0.06246519 -0.06430667 0.0007049725 0.9999994 -0.0008092354 0.00067657675 0.062465765 0.00076361856 0.9980468 0.5265669
0.997614 -0.001190733 -0.06902771 -0.060853142 0.000872033 0.9999888 -0.004646937 0.0047045886 0.06903247 0.004575655 0.9976039 0.37008917
0.99762547 -0.002723654 -0.068818964 -0.059866827 0.002558147 0.9999936 -0.0024929768 0.0048894403 0.06882532 0.0023110083 0.99762607 0.39601156
0.99851626 0.003458565 -0.054344624 -0.058811214 -0.0036060421 0.9999901 -0.0026159137 -0.001700662 0.05433504 0.0028080016 0.9985188 0.46587235
0.99798095 0.0008011278 -0.063509226 -0.063069135 -0.0011002326 0.9999885 -0.004674796 0.00022379264 0.06350475 0.004735232 0.9979703 0.42209393
0.9982571 0.0029660352 -0.058940317 -0.065468475 -0.0028906902 0.9999949 0.0013635508 -0.0022173566 0.05894406 -0.001190796 0.99826056 0.4977671
0.9976147 0.0023803394 -0.06898769 -0.077361666 -0.0023554643 0.99999714 0.00044191908 -0.00056412787 0.06898855 -0.00027836693 0.9976174 0.5335012
0.99863774 -0.00095479604 -0.052170355 -0.046864945 0.0010908027 0.99999607 0.0025785626 0.0007637473 0.052167688 -0.0026319576 0.9986349 0.40033022
0.998334 0.0064822785 -0.05733453 -0.074373454 -0.0063316394 0.99997604 0.0028086423 -0.0036708827 0.057351362 -0.0024409415 0.9983511 0.6282218
0.9985289 0.002888478 -0.054144986 -0.058862116 -0.002705566 0.9999904 0.0034511886 -0.0021313909 0.054154433 -0.0032996186 0.9985271 0.47863773
0.9983639 -0.00047682718 -0.057178065 -0.055503935 0.0009869529 0.99995995 0.008893797 0.0021476382 0.057171535 -0.008935678 0.9983244 0.4852425
0.99873126 0.00026649403 -0.050357044 -0.05447636 -7.0210466e-05 0.9999924 0.0038995661 -0.0016462721 0.0503577 -0.003891083 0.9987237 0.57332283
0.9988732 -0.0035789828 -0.04732468 -0.051765345 0.003651839 0.99999225 0.0014531303 -0.0035546862 0.047319114 -0.0016243149 0.9988785 0.7055461
0.99909526 0.00031416162 -0.04252707 -0.042765796 -0.00030973693 0.99999994 0.0001106333 -0.0027051277 0.0425271 -9.736101e-05 0.9990953 0.48379183
0.9991864 -0.00023040717 -0.040329766 -0.039672874 0.00019786746 0.99999964 -0.00081083097 -0.0037758127 0.040329937 0.0008021913 0.9991861 0.45133927
0.9994304 0.0015237625 -0.033711538 -0.034614097 -0.0015166128 0.9999988 0.00023765289 -0.0044893143 0.03371186 -0.00018639017 0.99943155 0.4511013
0.99977684 0.0009153706 -0.02110413 -0.025950858 -0.0009122978 0.9999996 0.0001552263 -0.0054639224 0.021104265 -0.0001359384 0.99977726 0.525634
0.9998329 0.0037856312 -0.017883005 -0.025311127 -0.0037506085 0.999991 0.0019915635 -0.009294835 0.017890383 -0.0019241587 0.9998381 0.5865633
0.99988395 0.0034772572 -0.014833317 -0.024078073 -0.003459528 0.99999326 0.0012207241 -0.0089881895 0.0148374615 -0.0011692661 0.99988925 0.6194901
0.9999339 0.0063686436 -0.009574556 -0.02105679 -0.0063546295 0.9999787 0.0014933937 -0.015575023 0.0095838625 -0.0014324522 0.99995303 0.78876317
0.99993676 0.0104106 -0.004250968 -0.019764386 -0.010408442 0.9999457 0.0005297201 -0.015181572 0.0042562517 -0.00048544063 0.9999908 0.60035497
0.999982 0.0055041853 -0.0023817606 -0.011882559 -0.0055091 0.9999827 -0.0020618218 -0.015104362 0.0023703708 0.0020749061 0.99999505 0.70172584
0.9999916 0.0036070056 -0.0019378146 -0.008904584 -0.0036099816 0.9999923 -0.0015344393 -0.01451042 0.001932265 0.001541422 0.99999696 0.68597686
0.99999434 0.002722513 0.0019917304 -0.004368969 -0.0027183965 0.99999416 -0.0020665708 -0.01114017 -0.001997345 0.0020611447 0.9999959 0.56243414
0.9999881 -0.0002697761 0.0048736995 0.0008914494 0.00030202675 0.99997807 -0.0066177608 -0.008812804 -0.0048718075 0.006619154 0.9999662 0.50058436
0.99999356 -0.0016727395 0.003183083 0.0023060336 0.0016836528 0.9999927 -0.003428933 -0.010132466 -0.003177324 0.0034342702 0.99998903 0.6029742
0.99999005 0.0011085555 0.004321855 -0.00028132548 -0.0011105944 0.9999993 0.0004693913 -0.011166261 -0.0043213316 -0.00047418644 0.9999905 0.61068046
0.9999933 -0.0023942788 0.0027704432 0.002785123 0.0023746062 0.9999721 0.0070824884 -0.008039934 -0.0027873232 -0.007075862 0.9999711 0.7141722
0.9999657 -0.002837768 0.007777471 0.008728119 0.0027953335 0.99998116 0.0054615545 -0.0067117517 -0.007792823 -0.0054396265 0.9999548 0.51390845
0.9999805 -0.0011230446 0.006142378 0.0038212573 0.0010885227 0.9999836 0.00562073 -0.008558451 -0.00614859 -0.0056139347 0.9999653 0.626056
0.9999905 0.00049309543 0.004321447 0.00072094466 -0.00050384394 0.9999968 0.0024865123 -0.011790128 -0.004320207 -0.0024886662 0.99998754 0.7352731
0.99999475 -0.00096618966 0.0031008297 0.001849874 0.0009647124 0.9999994 0.00047787098 -0.013431719 -0.0031012895 -0.00047487704 0.99999505 0.8611341
0.99999875 -0.0015357869 0.00040513038 -0.0003754031 0.0015368467 0.99999535 -0.0026287467 -0.015540224 -0.00040109133 0.002629366 0.9999965 0.9193492
0.99999446 0.0031973158 -0.0009075438 -0.0078179315 -0.0032020672 0.9999809 -0.005283236 -0.014252644 0.0008906343 0.005286113 0.99998564 0.69462985
0.99999547 0.00051801105 -0.0029645683 -0.0055969516 -0.0005362879 0.9999808 -0.0061676376 -0.012509811 0.0029613166 0.0061691995 0.9999766 0.6994084
0.9999982 0.0010910834 -0.0015433717 -0.0050734896 -0.0010972875 0.9999913 -0.004024703 -0.012495284 0.001538967 0.0040263897 0.9999907 0.6891317
0.99999785 0.0016605175 -0.0012528193 -0.0060455054 -0.0016555829 0.9999909 0.0039296043 -0.011866951 0.0012593331 -0.003927522 0.9999915 0.73943514
0.99999905 -0.0013117166 0.00040625568 -0.00035888757 0.0013093011 0.9999818 0.0058898646 -0.008027399 -0.0004139741 -0.0058893273 0.9999826 0.5791992
0.9999965 -0.0018057589 -0.0019433683 -0.002015077 0.0018135007 0.9999904 0.0039892755 -0.010837077 0.001936146 -0.0039927857 0.99999017 0.7877904
0.9999996 0.00044449387 -0.00081048236 -0.003939336 -0.00044533267 0.99999934 -0.0010350784 -0.013515117 0.0008100217 0.0010354389 0.99999917 0.79906803
0.9999946 0.003018894 -0.0013062942 -0.008081283 -0.0030229173 0.99999064 -0.0030890242 -0.01598539 0.0012969566 0.0030929563 0.9999944 0.8374601
0.99999046 0.0012416976 -0.00419128 -0.0076579596 -0.0012511306 0.99999666 -0.0022487442 -0.013617296 0.0041884733 0.0022539666 0.9999887 0.7111545
0.99998194 -0.0011074103 -0.0059076245 -0.006507409 0.0010837505 0.99999136 -0.0040066596 -0.012258254 0.0059120106 0.004000185 0.99997455 0.6749604
0.99999577 -0.000556274 -0.0028644234 -0.0050239493 0.0005598984 0.99999905 0.0012646399 -0.013326446 0.0028637173 -0.0012662383 0.9999951 0.87582916
0.9999897 -0.0022975844 -0.0039137183 -0.003166332 0.0023047796 0.99999565 0.0018349059 -0.010374305 0.0039094854 -0.0018439073 0.99999064 0.7457639
0.9999861 -0.0036387306 -0.0038150551 -0.0009159967 0.0036541854 0.9999851 0.0040519126 -0.008502951 0.0038002545 -0.004065797 0.9999845 0.7029845
0.99997497 -0.0021295333 -0.0067519774 -0.008651218 0.0021359443 0.99999726 0.0009424493 -0.011582327 0.006749952 -0.00095684757 0.99997675 0.87271905
0.9999974 -0.0021203444 -0.0008839737 -0.00052520493 0.0021214508 0.99999696 0.001252588 -0.010825548 0.00088131515 -0.00125446 0.9999988 0.7651636
0.9999927 -0.002091933 -0.003194531 -0.0028413842 0.0020989082 0.9999954 0.0021816732 -0.01143055 0.0031899523 -0.0021883622 0.9999925 0.8042479
0.9999945 0.0025842288 -0.002074974 -0.0071684835 -0.002585563 0.9999964 -0.00064060773 -0.011158089 0.002073311 0.0006459692 0.9999976 0.58271
0.99999845 0.0008946311 -0.0015143035 -0.004635419 -0.000897289 0.99999803 -0.0017554541 -0.011538432 0.00151273 0.0017568101 0.9999973 0.6503803
0.99999 0.0044734264 0.00025836227 -0.008447323 -0.0044732555 0.9999898 -0.00065716513 -0.01568387 -0.0002612994 0.0006560028 0.99999976 0.7960421
0.9999884 0.004759751 0.0007657828 -0.008297019 -0.0047603813 0.9999883 0.0008232766 -0.015890004 -0.0007618552 -0.0008269124 0.99999934 0.8014357
0.9999947 0.00049605174 0.0032251931 6.788842e-06 -0.00050176494 0.99999833 0.0017708505 -0.016132608 -0.0032243093 -0.0017724594 0.9999932 0.9794235
0.99999917 -0.00050312787 0.0012091553 -0.00060218293 0.00050321437 0.9999999 -7.122568e-05 -0.013140642 -0.0012091193 7.183408e-05 0.9999993 0.7530937
0.9999982 -0.00082250714 0.0016983484 0.00016605863 0.0008241975 0.99999917 -0.0009948199 -0.013523712 -0.0016975288 0.000996218 0.9999981 0.8480814
0.9999973 -0.0012389007 0.0019458922 0.0010623429 0.0012362072 0.9999983 0.0013848117 -0.012696546 -0.0019476045 -0.0013824025 0.99999714 0.83111674
0.9999994 0.001034524 0.00025133102 -0.003911683 -0.0010345498 0.99999946 0.00010251896 -0.015031497 -0.00025122485 -0.00010277892 0.99999994 0.8639535
0.99999595 0.0025576022 0.0012532907 -0.0049794856 -0.0025583545 0.99999654 0.00059904816 -0.013621627 -0.0012517542 -0.0006022521 0.99999905 0.7821468
0.9999984 -0.0017438583 0.00046007865 -3.0465042e-06 0.0017419475 0.99999 0.004121644 -0.011629291 -0.0004672616 -0.0041208356 0.9999914 0.87200105
0.9999991 -0.00079159567 0.0010953483 -0.00095569884 0.00078472495 0.9999801 0.0062589217 -0.01025423 -0.001100281 -0.0062580565 0.9999798 0.837816
1.0 -9.5451374e-05 3.22775e-05 -0.0028307931 9.5285395e-05 0.99998695 0.0051038633 -0.011376024 -3.2764252e-05 -0.00510386 0.99998695 0.84083104
0.99999946 -0.0010262734 -1.4679079e-05 -0.0010844768 0.0010261993 0.99998987 -0.0043773223 -0.012287671 1.917126e-05 0.0043773046 0.9999904 0.7207331
0.99999994 0.0003953382 -6.683694e-05 -0.0038843506 -0.00039622912 0.99990326 -0.013901533 -0.015471725 6.1334664e-05 0.013901558 0.9999034 0.8448116
0.99999815 -0.00024947754 0.0019080734 0.00050550525 0.00026325844 0.99997383 -0.007225574 -0.014084416 -0.0019062209 0.007226063 0.99997205 0.81121427
0.99998605 0.005164382 -0.001102978 -0.011214386 -0.0051535624 0.9999407 0.0095970025 -0.009489274 0.0011524751 -0.009591185 0.9999533 0.61098826
1.0 -0.00019012784 -0.0001440316 -0.00495281 0.00019149389 0.99995446 0.009544436 -0.011264443 0.00014221038 -0.009544463 0.99995446 1.4159808
0.9999969 0.0024681275 0.0002512499 -0.0076761465 -0.0024707897 0.9999341 0.011213459 -0.009276508 -0.00022355709 -0.011214046 0.9999371 1.1048752
0.9999885 0.0034294727 -0.0033459133 -0.010872356 -0.0034395994 0.9999895 -0.0030255134 -0.017106405 0.0033355022 0.0030369873 0.9999898 0.8742178
0.99999994 0.00031358894 -8.82373e-05 -0.0045083715 -0.00031481968 0.99989754 -0.014312192 -0.020486664 8.374011e-05 0.014312219 0.9998976 1.0263052
